Xcoord	622503	542091	551844	550141	606487
Ycoord	6939642	6948222	6965643	7009098	7010276
network	tstats	tstats	tstats	tstats	tstats
name	Dnmi-Roeros	Dnmi-Oppdal-Maurha	Dnmi-Berkaak-Lyngho	Dnmi-Vinjeoera2	Dnmi-Selbu-Stubbe
STNR	10400	66770	66730	65110	68340
HOH	628	668	475	47	242
RefSystem	utm-32n	utm-32n	utm-32n	utm-32n	utm-32n
point id	1	2	3	4	5
Missing point	-99	-99	-99	-99	-99
Count	2192	2192	2192	2192	2192
01.09.1999	-99	-99	-99	-99	-99
02.09.1999	-99	-99	-99	-99	-99
03.09.1999	-99	-99	-99	-99	-99
04.09.1999	-99	-99	-99	-99	-99
05.09.1999	-99	-99	-99	-99	-99
06.09.1999	-99	-99	-99	-99	-99
07.09.1999	-99	-99	-99	-99	-99
08.09.1999	-99	-99	-99	-99	-99
09.09.1999	-99	-99	-99	-99	-99
10.09.1999	-99	-99	-99	-99	-99
11.09.1999	-99	-99	-99	-99	-99
12.09.1999	-99	-99	-99	-99	-99
13.09.1999	-99	-99	-99	-99	-99
14.09.1999	-99	-99	-99	-99	-99
15.09.1999	-99	-99	-99	-99	-99
16.09.1999	-99	-99	-99	-99	-99
17.09.1999	-99	-99	-99	-99	-99
18.09.1999	-99	-99	-99	-99	-99
19.09.1999	-99	-99	-99	-99	-99
20.09.1999	-99	-99	-99	-99	-99
21.09.1999	-99	-99	-99	-99	-99
22.09.1999	-99	-99	-99	-99	-99
23.09.1999	-99	-99	-99	-99	-99
24.09.1999	-99	-99	-99	-99	-99
25.09.1999	-99	-99	-99	-99	-99
26.09.1999	-99	-99	-99	-99	-99
27.09.1999	-99	-99	-99	-99	-99
28.09.1999	-99	-99	-99	-99	-99
29.09.1999	-99	-99	-99	-99	-99
30.09.1999	-99	-99	-99	-99	-99
01.10.1999	-99	-99	-99	-99	-99
02.10.1999	-99	-99	-99	-99	-99
03.10.1999	-99	-99	-99	-99	-99
04.10.1999	-99	-99	-99	-99	-99
05.10.1999	-99	-99	-99	-99	-99
06.10.1999	-99	-99	-99	-99	-99
07.10.1999	-99	-99	-99	-99	-99
08.10.1999	-99	-99	-99	-99	-99
09.10.1999	-99	-99	-99	-99	-99
10.10.1999	-99	-99	-99	-99	-99
11.10.1999	-99	-99	-99	-99	-99
12.10.1999	-99	-99	-99	-99	-99
13.10.1999	-99	-99	-99	-99	-99
14.10.1999	-99	-99	-99	-99	-99
15.10.1999	-99	-99	-99	-99	-99
16.10.1999	-99	-99	-99	-99	-99
17.10.1999	-99	-99	-99	-99	-99
18.10.1999	-99	-99	-99	-99	-99
19.10.1999	-99	-99	-99	-99	-99
20.10.1999	-99	-99	-99	-99	-99
21.10.1999	-99	-99	-99	-99	-99
22.10.1999	-99	-99	-99	-99	-99
23.10.1999	-99	-99	-99	-99	-99
24.10.1999	-99	-99	-99	-99	-99
25.10.1999	-99	-99	-99	-99	-99
26.10.1999	-99	-99	-99	-99	-99
27.10.1999	-99	-99	-99	-99	-99
28.10.1999	-99	-99	-99	-99	-99
29.10.1999	-99	-99	-99	-99	-99
30.10.1999	-99	-99	-99	-99	-99
31.10.1999	-99	-99	-99	-99	-99
01.11.1999	-99	-99	-99	-99	-99
02.11.1999	-99	-99	-99	-99	-99
03.11.1999	-99	-99	-99	-99	-99
04.11.1999	-99	-99	-99	-99	-99
05.11.1999	-99	-99	-99	-99	-99
06.11.1999	-99	-99	-99	-99	-99
07.11.1999	-99	-99	-99	-99	-99
08.11.1999	-99	-99	-99	-99	-99
09.11.1999	-99	-99	-99	-99	-99
10.11.1999	-99	-99	-99	-99	-99
11.11.1999	-99	-99	-99	-99	-99
12.11.1999	-99	-99	-99	-99	-99
13.11.1999	-99	-99	-99	-99	-99
14.11.1999	-99	-99	-99	-99	-99
15.11.1999	-99	-99	-99	-99	-99
16.11.1999	-99	-99	-99	-99	-99
17.11.1999	-99	-99	-99	-99	-99
18.11.1999	-99	-99	-99	-99	-99
19.11.1999	-99	-99	-99	-99	-99
20.11.1999	-99	-99	-99	-99	-99
21.11.1999	-99	-99	-99	-99	-99
22.11.1999	-99	-99	-99	-99	-99
23.11.1999	-99	-99	-99	-99	-99
24.11.1999	-99	-99	-99	-99	-99
25.11.1999	-99	-99	-99	-99	-99
26.11.1999	-99	-99	-99	-99	-99
27.11.1999	-99	-99	-99	-99	-99
28.11.1999	-99	-99	-99	-99	-99
29.11.1999	-99	-99	-99	-99	-99
30.11.1999	-99	-99	-99	-99	-99
01.12.1999	-99	-99	-99	-99	-99
02.12.1999	-99	-99	-99	-99	-99
03.12.1999	-99	-99	-99	-99	-99
04.12.1999	-99	-99	-99	-99	-99
05.12.1999	-99	-99	-99	-99	-99
06.12.1999	-99	-99	-99	-99	-99
07.12.1999	-99	-99	-99	-99	-99
08.12.1999	-99	-99	-99	-99	-99
09.12.1999	-99	-99	-99	-99	-99
10.12.1999	-99	-99	-99	-99	-99
11.12.1999	-99	-99	-99	-99	-99
12.12.1999	-99	-99	-99	-99	-99
13.12.1999	-99	-99	-99	-99	-99
14.12.1999	-99	-99	-99	-99	-99
15.12.1999	-99	-99	-99	-99	-99
16.12.1999	-99	-99	-99	-99	-99
17.12.1999	-99	-99	-99	-99	-99
18.12.1999	-99	-99	-99	-99	-99
19.12.1999	-99	-99	-99	-99	-99
20.12.1999	-99	-99	-99	-99	-99
21.12.1999	-99	-99	-99	-99	-99
22.12.1999	-99	-99	-99	-99	-99
23.12.1999	-99	-99	-99	-99	-99
24.12.1999	-99	-99	-99	-99	-99
25.12.1999	-99	-99	-99	-99	-99
26.12.1999	-99	-99	-99	-99	-99
27.12.1999	-99	-99	-99	-99	-99
28.12.1999	-99	-99	-99	-99	-99
29.12.1999	-99	-99	-99	-99	-99
30.12.1999	-99	-99	-99	-99	-99
31.12.1999	-99	-99	-99	-99	-99
01.01.2000	-11.7	-3.08	-5.7	1.9	-0.4
02.01.2000	-6.2	-0.19	-0.6	3	2.5
03.01.2000	-5	0.48	-0.8	4	0.9
04.01.2000	-0.8	-0.55	-0.4	3.8	1.5
05.01.2000	-13.4	-1	-3.4	1	0
06.01.2000	2.5	2	3.3	4.5	5.6
07.01.2000	-1.6	2	0.7	3.9	1.4
08.01.2000	2	4	3.4	4.2	4
09.01.2000	-2.4	-1	-3	2.5	1.3
10.01.2000	-5.6	0	-0.4	3.1	2.2
11.01.2000	-4.4	2	-0.9	3.2	2.3
12.01.2000	-4.1	-2	-3.1	1.7	2.1
13.01.2000	-1.9	-2	-2.1	1	-0.7
14.01.2000	-8	-5	-5	-0.1	-2.5
15.01.2000	1.4	1	1.6	3.9	1.9
16.01.2000	2	4	3.3	5.9	4.2
17.01.2000	-2.7	-1	-0.9	3.3	0.3
18.01.2000	-3.2	-3	-2.3	1.7	-0.2
19.01.2000	-2.2	-1	-1.1	1.8	-0.6
20.01.2000	-4.8	-2	-3.1	0.3	-2.6
21.01.2000	-11.1	-8	-8.5	-3.9	-7.8
22.01.2000	-19.4	-9	-10.6	-5.7	-9.3
23.01.2000	-13.7	-9	-8.4	-3.9	-8
24.01.2000	-2.8	-1.58	-1.7	1.8	0.3
25.01.2000	0.3	2	0	4.1	2.6
26.01.2000	1.4	2	2.3	4	2.5
27.01.2000	-3.6	-2	-3.4	0.8	-0.8
28.01.2000	-9.5	-7	-7	-2.8	-4.1
29.01.2000	-2.2	1	-1.7	0.7	0.5
30.01.2000	-7.5	-7	-6.7	-2.6	-4.6
31.01.2000	-10.3	-7	-6.7	-4.2	-5
01.02.2000	-8.9	-7	-8	-2.5	-3.8
02.02.2000	-8.6	-5	-5.8	-3.3	-6.2
03.02.2000	-7.3	-5	-5.6	-0.6	-3.7
04.02.2000	-1	0	-0.4	3.5	0.9
05.02.2000	-4.6	0	-2	1.9	0.2
06.02.2000	-1	3	0.8	4	4.2
07.02.2000	0.9	2	1.9	5	4.6
08.02.2000	-1.5	-2	-0.7	0.8	0.3
09.02.2000	-7.5	-7	-7.3	-0.5	-3.3
10.02.2000	0.4	3	1	1.5	3.2
11.02.2000	-3.2	-2	-1.8	1.9	0.2
12.02.2000	-0.1	1	0.6	0.5	3
13.02.2000	-5.4	-3	-4.4	-0.3	-0.9
14.02.2000	-8	-7	-6	-0.7	-2.3
15.02.2000	-6.1	-1	-3.2	0.6	-0.4
16.02.2000	-11.5	-9	-10.2	-2.5	-2.8
17.02.2000	-16.5	-10	-9.5	-3	-7.6
18.02.2000	-7.5	-8	-7.7	-2.6	-1.8
19.02.2000	-15.5	-8	-8.1	-2.1	-4.1
20.02.2000	-5.7	-4	-4.2	-0.6	-1.9
21.02.2000	-16.9	-10	-11.4	-7	-6.5
22.02.2000	-11.7	-5	-6.2	-0.5	-3.8
23.02.2000	-12.2	-3	-7.1	-4.3	-2
24.02.2000	-4.4	-3	-1.9	1.9	-0.1
25.02.2000	-9.4	-2	-4	-0.7	-1.8
26.02.2000	-7.8	2	-0.7	3.6	1.6
27.02.2000	-1.2	3	2.2	3.3	4.2
28.02.2000	-0.5	1	1.7	1.9	3.2
29.02.2000	-0.3	1	1.8	4.8	3
01.03.2000	-2.8	-2	-1.2	0.8	0.3
02.03.2000	-6.8	-6	-5.3	-2.6	-3.5
03.03.2000	-8.3	-6	-6.9	-3.6	-4.7
04.03.2000	-6.7	-6	-5.6	-1.7	-3.9
05.03.2000	-7.9	-5	-4.8	-1.1	-5.7
06.03.2000	-0.9	0	0.2	1.3	0.4
07.03.2000	-2.8	-3	-1.3	2.4	-0.5
08.03.2000	-5.5	-6	-5.5	-2	-3.8
09.03.2000	-6.8	-5	-5.4	-1.5	-5.3
10.03.2000	-6.4	-6	-5.1	-1.7	-2.7
11.03.2000	-12.5	-6	-6.5	-3.9	-5
12.03.2000	-11.8	-5	-5.4	-0.8	-5
13.03.2000	-1.2	3	0.2	3.5	2.6
14.03.2000	-4.3	-4	-4	-1.1	-1.9
15.03.2000	-5.2	-5	-4.6	-1.3	-2.5
16.03.2000	-4.1	-4	-3.4	-0.1	-0.7
17.03.2000	-3.3	0	-0.5	3.5	0.6
18.03.2000	-1.5	0	0	4.1	2.4
19.03.2000	1.7	5	3.5	6.7	5.1
20.03.2000	1.7	3	0.9	3.4	2.3
21.03.2000	-1.6	-1	-0.4	1.1	0.2
22.03.2000	-5.6	-2	-3.4	0.8	-1.4
23.03.2000	-6	-4	-4.2	0	-1.6
24.03.2000	-2.3	-2	-2.1	1.6	0
25.03.2000	-7.2	-6	-5.3	-0.2	-3.5
26.03.2000	-4.9	-2	-2.6	-1.6	-1.8
27.03.2000	-4.7	-2	-2.5	-0.7	-1.8
28.03.2000	-4.7	-3	-2.6	1.7	0.4
29.03.2000	2.1	4	3.4	5.2	3.5
30.03.2000	2.5	4	3	5	4.6
31.03.2000	-0.5	1	0.2	1.8	1.3
01.04.2000	-4.5	-4	-3.5	-0.7	-2.4
02.04.2000	-6.4	-3	-3.9	-0.7	-3.2
03.04.2000	-7.1	-5	-3.8	-1.6	-3.3
04.04.2000	-6.2	-6	-6.1	-2.8	-3.6
05.04.2000	-6.6	-5	-5	-0.5	-3.3
06.04.2000	-2.8	-3	-1.2	2.2	0.2
07.04.2000	-2.8	1	1.7	3.8	-0.1
08.04.2000	2.5	5	4.5	6.1	5.8
09.04.2000	-1.7	2	1.7	3.9	4.4
10.04.2000	0.5	2	2.1	4.5	4.3
11.04.2000	2.3	3	3	5	3.7
12.04.2000	0	0	-0.1	2.4	1.4
13.04.2000	-0.6	-2	-1.4	1.3	0.2
14.04.2000	0.7	0	0	2.1	1.6
15.04.2000	1.3	0	0.5	2	2.2
16.04.2000	1.8	2	2.8	5.2	4.2
17.04.2000	2	3	3.9	5.9	5.2
18.04.2000	3.7	6	5.4	7.6	8
19.04.2000	4.9	6	6.7	7.2	8.3
20.04.2000	6.6	8	6.4	8.2	9
21.04.2000	5.7	8	7.8	8.7	9.4
22.04.2000	7.1	7	6	8	8.2
23.04.2000	6.5	8	7.6	8.6	9.6
24.04.2000	2.8	4	4.5	7.4	6.8
25.04.2000	4	5	4.5	5.5	6.1
26.04.2000	1.2	1	1.4	4.5	3
27.04.2000	1.5	7	4.5	7.3	5.6
28.04.2000	5.3	7	5.2	9.1	8.3
29.04.2000	10.3	13	11.1	12.9	13.5
30.04.2000	5.7	13	13.2	14.3	12.4
01.05.2000	6.1	12	10.4	12	11.2
02.05.2000	7.7	10	7.7	7	7.6
03.05.2000	3.3	5	4.1	7	4.7
04.05.2000	5.2	7	5	7.2	6.2
05.05.2000	4.1	6	4.5	7.6	5.9
06.05.2000	8.6	9	8.4	9.6	9.3
07.05.2000	6.8	9	7	7.2	6.5
08.05.2000	8.3	9	9	10.3	10.2
09.05.2000	11.1	13	12.4	13.2	14.5
10.05.2000	5.6	8	5.6	7.6	6.3
11.05.2000	0.8	2	1.4	5.7	2.8
12.05.2000	3.4	6	4.3	7.1	5
13.05.2000	9.9	12	10.4	11.2	10.6
14.05.2000	9	11	11	11.3	11.2
15.05.2000	8.8	12	12	13.8	12.3
16.05.2000	13.9	14	14.6	16.5	16.3
17.05.2000	15.5	16	15.7	16.7	19.9
18.05.2000	9.8	11	11	14.1	13.4
19.05.2000	7.4	10	9.5	11.7	11.5
20.05.2000	8	8	7.2	8.6	8
21.05.2000	7.4	7	6.7	7.9	8.9
22.05.2000	7.6	8	7.9	10.1	9.6
23.05.2000	6.4	8	7.4	9.8	10.2
24.05.2000	7.3	10	7.3	10.1	10.7
25.05.2000	6.6	7	7.2	8.5	8.5
26.05.2000	6.2	7	5.9	8.5	6.3
27.05.2000	6	7	6.8	11	9.1
28.05.2000	8.8	8	9.9	11	11.4
29.05.2000	5.1	5	6.3	9.1	9
30.05.2000	3.6	5	4.4	6.7	6.1
31.05.2000	5.3	7	4.5	6.7	6.8
01.06.2000	6.9	8	6.8	10.1	9.9
02.06.2000	8.1	10	11.2	12.6	10.9
03.06.2000	2.2	5	2.1	4.8	2.6
04.06.2000	2.2	4	2.9	6.1	3.7
05.06.2000	4.1	5	4.7	7.2	5.7
06.06.2000	6	8	8.3	10.5	9.6
07.06.2000	6.6	8	8.5	11.6	11
08.06.2000	6.3	8	5.8	9.2	7.7
09.06.2000	10.1	11	10.2	12.9	12.3
10.06.2000	15	14	13.1	13.9	14.2
11.06.2000	11.7	11	12.3	12.6	14.3
12.06.2000	9.1	11	8.6	9.7	9.1
13.06.2000	9.6	11	10	10.7	12.6
14.06.2000	8.1	7	6.6	8.1	7.4
15.06.2000	5.3	6	5.5	6.8	6.5
16.06.2000	4.4	5	4.5	7.7	7
17.06.2000	5.5	7	6.6	9.2	7.6
18.06.2000	7.9	11	9.7	9	9.9
19.06.2000	12.2	13	11	10.8	11.2
20.06.2000	11.7	11	11.2	11.5	11.5
21.06.2000	14	15	13.2	12.5	13.2
22.06.2000	15.9	13	12.2	13.4	15.1
23.06.2000	11.6	10	10.2	11.9	12.3
24.06.2000	7.7	6	6.8	9.3	8.5
25.06.2000	7.2	6	7.1	9.5	8.7
26.06.2000	5.6	6	6	8.1	7.7
27.06.2000	3.1	4	3.6	7.3	5.9
28.06.2000	6.6	6	6.9	9.2	8.5
29.06.2000	8.8	9	9.2	11.2	10
30.06.2000	12	12	11.3	11.5	11.4
01.07.2000	14.7	17	18.2	16	17.5
02.07.2000	17.1	16	18.4	15.1	18.5
03.07.2000	12	12	12.4	11.2	11.3
04.07.2000	9.8	8	8.8	10.1	10.1
05.07.2000	10.6	9	9.7	11	10.2
06.07.2000	9.5	7	7.5	9.4	9.6
07.07.2000	5.2	6	9.3	8.4	6.3
08.07.2000	5.6	5	4.8	8.1	6.4
09.07.2000	8.3	8	8.2	9.8	9.9
10.07.2000	9.8	11	9.6	11.8	13.6
11.07.2000	11.3	12	11.5	14.4	14
12.07.2000	11.9	13	12.6	12.67	14.2
13.07.2000	7.5	9	8.6	10.8	9.2
14.07.2000	7.5	6	6.9	9.35	8.5
15.07.2000	9.7	10	9.5	11.6	11
16.07.2000	9.5	10	9.1	11.2	9.1
17.07.2000	10.1	10	9.6	11.9	10.5
18.07.2000	10.9	10	10	11.6	10.6
19.07.2000	9.7	10	9.8	11.7	9.9
20.07.2000	8.5	11	9.8	11.5	10.3
21.07.2000	12.5	13	12.5	12.7	13.2
22.07.2000	11	14	13.3	14	13
23.07.2000	10.2	12	9.6	11.2	9.6
24.07.2000	11.1	11	11.3	13.3	11.6
25.07.2000	14.1	16	15.7	17.7	15.8
26.07.2000	15.1	17	16.9	19.75	17.9
27.07.2000	14	17.51	17.4	18.03	18.2
28.07.2000	14.4	17	15.7	17.22	19.2
29.07.2000	13.4	16	15.5	14.55	16.7
30.07.2000	13.9	13	14.1	12.98	14.2
31.07.2000	10.1	12	10.6	11.9	10.9
01.08.2000	12.6	13	13	13.7	13.3
02.08.2000	12	14	12.4	14.3	13.2
03.08.2000	11.7	12	12.4	13.7	14.8
04.08.2000	13.7	13	12.2	12.9	13
05.08.2000	13.3	14	13.3	12.8	13
06.08.2000	11.4	12	10	11.6	10.9
07.08.2000	7.3	7	7.1	9.8	8.9
08.08.2000	7.2	7	8.1	9.5	8.6
09.08.2000	7.2	8	8.4	10.2	8.6
10.08.2000	9.3	10	10.5	11.6	11.7
11.08.2000	8.7	9	7.9	10.1	8.6
12.08.2000	9	10	9.1	12.4	10
13.08.2000	11.2	13	12.2	13.2	13.1
14.08.2000	13	15	15.1	16.5	15.9
15.08.2000	12.7	14	13.4	13.4	14.3
16.08.2000	8.5	10	10.1	13.1	12.3
17.08.2000	9.8	10	10.7	12.6	12.6
18.08.2000	8.6	8	9.5	11	11
19.08.2000	8.9	9	9.4	11.1	11.1
20.08.2000	6.9	7	7	11.6	9.7
21.08.2000	8.8	8	9.2	11.4	10.2
22.08.2000	7.7	8	7.6	10.8	9.2
23.08.2000	6.8	7	7.2	9.8	9
24.08.2000	8.4	9	7.3	10.4	10.2
25.08.2000	10.4	11	9.1	11.7	11.4
26.08.2000	12.3	14	13.6	14.3	15.3
27.08.2000	13.4	15	14	15.1	16.8
28.08.2000	15.4	15	14.7	15.2	17.3
29.08.2000	8.9	13	10.9	13.2	13.2
30.08.2000	11.5	10	9.7	11.1	10.9
31.08.2000	9.3	10	9.5	10	10.6
01.09.2000	8.1	9	9.2	10.4	9
02.09.2000	6.5	7	6.4	8.5	8.1
03.09.2000	4.7	5	5	7.3	7.3
04.09.2000	4.8	6	7.2	9.4	6.8
05.09.2000	6.6	8	7.6	10	9
06.09.2000	6.8	8	8.8	11.8	9.8
07.09.2000	10.4	12	11.6	12.5	14.1
08.09.2000	11.2	11	11.7	11.2	12.6
09.09.2000	9	10	9.2	10.1	10.6
10.09.2000	6.9	7	6.7	8.8	7.9
11.09.2000	5.8	5	6.4	8.1	7.3
12.09.2000	5.7	6	5.9	7.6	7.2
13.09.2000	3.3	5	6	7.6	7.5
14.09.2000	4	7	6.7	8.9	9.7
15.09.2000	6.1	9	8.1	10	11
16.09.2000	7.5	10	9.5	11.4	11.2
17.09.2000	8.7	11	10.9	9.8	12.3
18.09.2000	8.6	10	10.2	13.3	12
19.09.2000	8.2	10	10	14.1	12.6
20.09.2000	4.3	12	10	9.8	12.1
21.09.2000	4.5	11	9.6	10	12.8
22.09.2000	4	10	9.3	12.2	12.5
23.09.2000	9.6	11	9.9	12.4	13.1
24.09.2000	7.9	13	11.8	12.3	12.3
25.09.2000	9.7	11	9.2	11.4	11.6
26.09.2000	8.2	12	10.8	10.9	13.1
27.09.2000	5.5	9.27	8.6	10.6	10.9
28.09.2000	9.2	11	10.3	12.4	12.6
29.09.2000	12.4	14	13.8	11.9	15.5
30.09.2000	15.4	15.92	16.4	13.9	17.7
01.10.2000	9.2	11.95	11.6	13.1	14.2
02.10.2000	9.4	11	10.8	11.1	12.6
03.10.2000	8.7	10	9.6	12.2	10.6
04.10.2000	7.4	12	11	12.2	13.3
05.10.2000	9.2	11	8.9	11.8	12.8
06.10.2000	8	7	5.9	10	8.4
07.10.2000	10.7	12	11.4	9.8	12.4
08.10.2000	8.7	9	9.2	12.2	12.6
09.10.2000	6.2	7	6.6	7.9	9.6
10.10.2000	5	8	7.8	12	9.4
11.10.2000	4.1	6	5.2	11	8.8
12.10.2000	7.1	9	8.6	13.4	11
13.10.2000	5.2	6	6.7	9.4	8.9
14.10.2000	2.8	7	5.5	6.9	8.2
15.10.2000	6	8	6.9	9.5	9.3
16.10.2000	7.1	10	8.2	10.7	11.4
17.10.2000	9.2	12	11.1	13.5	13.6
18.10.2000	8.3	9	9.2	9.2	11.2
19.10.2000	6.7	8	8	12.2	9.9
20.10.2000	4.4	6	5.3	5.6	8.9
21.10.2000	6.6	9	8.6	6.9	10.5
22.10.2000	4	5	3.5	6.8	6.8
23.10.2000	2.3	6	4.3	4.3	6.7
24.10.2000	6.6	7	6.3	7.3	8
25.10.2000	4	4	4	7.4	5.1
26.10.2000	1.6	1	0.9	6.1	4
27.10.2000	-2.3	0	-0.4	2.9	1.1
28.10.2000	-0.4	4	2.2	5	3.7
29.10.2000	-1.4	2	0.7	6.8	2.8
30.10.2000	-2.2	1	0.4	4.3	1.3
31.10.2000	3.2	6	4.8	9.3	7.2
01.11.2000	3.4	4	4.6	5.3	7
02.11.2000	2.1	3	2.7	4.2	6.4
03.11.2000	0.9	4	3.2	5.6	5.5
04.11.2000	3.9	5	5.6	6.6	7.5
05.11.2000	1.6	2	1.2	2.5	5.2
06.11.2000	-0.3	0	-1.3	1	2.5
07.11.2000	-1.3	-2	-0.7	2.4	0.6
08.11.2000	1.7	4	3.3	8.3	7.1
09.11.2000	3.9	5	4	4.9	7.2
10.11.2000	2.8	3	2.3	0.7	5.8
11.11.2000	1.5	1	-1.8	0.9	1.5
12.11.2000	2.6	6	4.2	5.3	6.5
13.11.2000	1.5	3	2.8	5.9	5.9
14.11.2000	-1.9	-2	-2.8	1.1	0.8
15.11.2000	-5.6	-3	-5	0.4	-2.6
16.11.2000	-4	2	-0.5	-4	2.2
17.11.2000	0.9	4	2.8	4.4	4.9
18.11.2000	0.4	3	1.6	5.9	4.8
19.11.2000	-1	2	1.2	3.6	2.9
20.11.2000	1.9	5	3.9	8.4	6.4
21.11.2000	-0.8	3	1.8	6.8	3.5
22.11.2000	-3.1	1	-1.1	4.2	0.9
23.11.2000	1.9	4	3.2	7.1	5.8
24.11.2000	2	5	3.7	6.3	6.2
25.11.2000	1.9	3	2.4	2.6	5.3
26.11.2000	0.4	3	1.9	0.6	4.3
27.11.2000	2.2	4	3.3	4.3	5.8
28.11.2000	-3.8	-1	-2.8	-1.6	-1.4
29.11.2000	-4.9	3	-1.5	0	0.5
30.11.2000	2.3	6	3.8	6.5	6
01.12.2000	-3.7	4	-0.6	3.7	1.2
02.12.2000	3	5	4.2	4.7	6.2
03.12.2000	1.9	6	5.1	3.2	7.1
04.12.2000	-4.5	3	-0.3	1.2	2
05.12.2000	4.4	6	6	4.6	7.8
06.12.2000	5.8	8	8.4	6.7	9.6
07.12.2000	-0.3	3	1.5	3.4	3.6
08.12.2000	-1.9	2	0.8	3.6	-0.1
09.12.2000	0.1	4	2.3	3.5	4.1
10.12.2000	-2.7	4	2.7	-0.1	1.7
11.12.2000	0.5	5	3.6	2.3	5.7
12.12.2000	-5.4	4	0.8	4	4
13.12.2000	1	4	3.1	6.2	5.5
14.12.2000	-2.1	1	-0.6	-1	3.6
15.12.2000	-3.5	-1	-0.7	2.8	-0.1
16.12.2000	-1.4	-3	-2.9	1.7	0.9
17.12.2000	-3.2	-5	-2.8	0.4	-0.4
18.12.2000	-12.6	-10	-11	-5.8	-7.2
19.12.2000	-11.8	-13	-13.4	-7.5	-10.5
20.12.2000	-14.6	-14	-13	-8.2	-10.7
21.12.2000	-10.8	-4	-6.2	-1.1	-3
22.12.2000	-4.7	-1	-1.4	2.5	1.3
23.12.2000	-5.6	-6	-4.1	-0.6	-2.3
24.12.2000	-4.8	-4	-4.1	-0.8	-2.2
25.12.2000	-6.5	-4	-3.9	-0.3	-2.2
26.12.2000	-16.8	-9	-11.4	-6	-9
27.12.2000	-15.2	-9	-12.9	-11.1	-10.9
28.12.2000	-14.1	-16	-18.3	-12.8	-14.4
29.12.2000	-21.9	-18	-20.5	-15.7	-18.4
30.12.2000	-22.8	-17	-20.3	-15	-18.9
31.12.2000	-30.6	-9	-16.2	-7.3	-13.6
01.01.2001	-12.9	-4	-6.3	-1	-2.5
02.01.2001	-5.9	-3	-5.3	-4.7	-1.5
03.01.2001	-4.9	1	-1	-1.5	3
04.01.2001	-4.4	0	-1.3	-2.4	2.1
05.01.2001	-1.8	1	0.1	1	2.4
06.01.2001	-0.7	2	0.4	3.8	3.3
07.01.2001	-1.4	0	-0.6	1.1	1.8
08.01.2001	-3.6	-5	-6.1	-0.4	-4.7
09.01.2001	-5	-4	-3.4	-1.3	-2.4
10.01.2001	-4.9	-4	-3.4	0.6	-4.2
11.01.2001	-3.8	-1	-1.3	1.6	-1.5
12.01.2001	0.7	0	1.2	3.7	2
13.01.2001	-5.1	-6	-8	1.8	1.2
14.01.2001	-15.2	-9	-9.8	0.5	-1.2
15.01.2001	-18.8	-3	-7.7	-4	-4.2
16.01.2001	-26.4	-6	-10.8	-3.8	-9.7
17.01.2001	-22.9	-5	-8.7	-1.5	-7.7
18.01.2001	-23.6	-11	-12.1	-6.7	-9.3
19.01.2001	-23.6	-11	-13.7	-2.5	-8.8
20.01.2001	-20.1	-5	-9.4	-6.4	-3.6
21.01.2001	-6.2	-4	-4.2	-7.8	-0.9
22.01.2001	-5.8	-3.7	-5	-3.1	-2.2
23.01.2001	-6.5	-4.3	-5.2	-4.6	-3
24.01.2001	-2.7	-1	-1.2	2.7	1.4
25.01.2001	-1.2	2.6	2	0.6	4.3
26.01.2001	0.1	1.8	1.3	-1.4	3.7
27.01.2001	-1.9	-0.9	-1.9	-1.5	1.9
28.01.2001	-12.9	-6.6	-8.4	-4.7	-6
29.01.2001	-7.7	-6.3	-5	-0.7	-4.3
30.01.2001	-4.7	-3.2	-2.8	1	0.1
31.01.2001	-5.1	-4.7	-4.8	-0.7	-2.2
01.02.2001	-26.3	-14.7	-16.8	-9.8	-15.5
02.02.2001	-23.1	-16.3	-17.5	-8.7	-15.1
03.02.2001	-31.9	-19.1	-21.2	-15.5	-19.6
04.02.2001	-32.9	-19	-21.6	-18.5	-19.1
05.02.2001	-26.4	-19.1	-20.2	-17.5	-17.7
06.02.2001	-22.6	-12.4	-15.9	-11	-11.8
07.02.2001	-9.1	-4.3	-6.7	-7	-3.6
08.02.2001	-8.2	-7.3	-7.5	-4.3	-1.7
09.02.2001	-14.2	-6	-8.3	-1.4	-2.5
10.02.2001	-15.3	-3.4	-5.7	-1.7	-1.4
11.02.2001	-4.5	-2	-5.46	-1.2	-0.7
12.02.2001	-2.2	1.8	0.9	2.7	2.2
13.02.2001	-0.4	0.9	0.9	4.7	2.4
14.02.2001	0.6	4.2	0.4	6.6	5.7
15.02.2001	-4.3	-0.1	-0.13	3.9	2.4
16.02.2001	-5.7	-3.6	-5.6	1.3	-0.5
17.02.2001	-3.5	-1.2	-0.6	4.4	0.4
18.02.2001	0.3	1.9	1.5	4	1.7
19.02.2001	-0.3	0	0	2.8	1.7
20.02.2001	-0.9	0.3	-0.1	3.8	1.6
21.02.2001	-4.6	-5.1	-4.1	0.5	-1.8
22.02.2001	-8.7	-6.9	-6.6	-2.9	-3.7
23.02.2001	-13.5	-8.3	-8	-2.7	-8.5
24.02.2001	-12.7	-5.7	-7.6	-2.8	-8.5
25.02.2001	-14.6	-12.7	-12.8	-8.5	-10.8
26.02.2001	-17	-14.3	-15.8	-14.1	-12.5
27.02.2001	-26.7	-19	-18.4	-14.9	-18
28.02.2001	-25.8	-15.9	-17	-15.8	-14
01.03.2001	-22.3	-14.9	-16.7	-15	-13
02.03.2001	-18.5	-13	-13.8	-13.1	-10.6
03.03.2001	-20	-10.6	-12.1	-7.1	-10
04.03.2001	-11.4	-3.5	-4.2	-3.4	-4.3
05.03.2001	-4.6	-3.3	-2.5	0.2	-1.4
06.03.2001	-1.6	0.6	-0.7	2.7	1
07.03.2001	-2.4	0	-0.6	1	0.3
08.03.2001	-1	2.2	1.1	3	2.5
09.03.2001	-2.6	1.2	0.1	2.5	1.9
10.03.2001	0.2	1.5	1.2	2.3	2.8
11.03.2001	-3.3	3	1.2	3.6	2.7
12.03.2001	0.6	1.7	1.8	3.8	1.6
13.03.2001	-1.6	0.4	0.8	2.6	2.2
14.03.2001	-3.1	-2.5	-1.6	0.4	-0.2
15.03.2001	-4.4	-5.7	-4.5	-2.1	-2
16.03.2001	-6.5	-6.6	-5.5	-1.6	-3.5
17.03.2001	-13.9	-7.6	-7.2	-1.9	-6.6
18.03.2001	-18	-9.7	-10.1	-6.4	-9.5
19.03.2001	-17.9	-11.4	-10	-5.9	-11
20.03.2001	-13.3	-6	-5.8	-0.9	-6.6
21.03.2001	-6.5	-5.8	-5.6	-3.6	-3.4
22.03.2001	-10.6	-7.7	-8	-4.3	-6.5
23.03.2001	-12.8	-7.6	-6	0.2	-3.4
24.03.2001	-11.7	-6.5	-5.8	-1.3	-4.2
25.03.2001	-7.7	-5.8	-5.7	-1.1	-3.7
26.03.2001	-13.3	-7.9	-9.7	-6	-7.2
27.03.2001	-12.2	-6.9	-7.7	-1.6	-4.3
28.03.2001	-9.2	-3.9	-5	-0.4	-4
29.03.2001	-5.8	-0.8	-2.2	-1.1	-0.2
30.03.2001	-3	-0.4	-0.6	0.5	1.2
31.03.2001	-1.8	1.9	0.7	4.1	2.6
01.04.2001	2.6	3	3.9	5.2	5.9
02.04.2001	2.2	3.7	3.6	5.8	4.9
03.04.2001	2.2	4.7	2.7	4.9	4.7
04.04.2001	1.7	2.9	2.5	5	4.5
05.04.2001	1.9	2	2.7	2.3	4.7
06.04.2001	1.7	2	0.9	3.5	3.2
07.04.2001	-0.2	-0.9	0.5	4.5	1.8
08.04.2001	-2	2.3	1.3	4.8	1.9
09.04.2001	-0.2	0.6	0.5	3	0.8
10.04.2001	-2.3	-1.5	-0.4	2.6	1.7
11.04.2001	-5.8	-3.1	-2.6	-0.2	-0.9
12.04.2001	-5.6	-4.6	-4	-1.3	-2.5
13.04.2001	-4.9	-4.4	-2.8	-0.1	-1.8
14.04.2001	-6.5	-2.3	-3.1	0.2	-1
15.04.2001	-2.8	0.8	0.7	3.3	1.6
16.04.2001	-0.4	-0.1	0.6	3	0.7
17.04.2001	-2.1	-2.1	-1.1	0.5	-0.6
18.04.2001	-4.3	-2.1	-1.6	1.4	0.5
19.04.2001	-5.7	-3.5	-2.4	0.4	-1.5
20.04.2001	-5.4	-1.9	-2.6	1.6	-0.8
21.04.2001	-0.2	1.8	2.8	5.5	3.9
22.04.2001	1.5	1.4	2	5.1	4.3
23.04.2001	1.4	2	3.1	5.8	5.8
24.04.2001	2.5	4.3	3.8	7	5.2
25.04.2001	4.4	5.7	5.8	8.6	8.7
26.04.2001	2.9	4.4	4.8	6.1	7.6
27.04.2001	4.6	6.8	6.3	9.2	8.4
28.04.2001	4.3	5.7	4.7	7.9	7.6
29.04.2001	3	5.1	4.3	8	6.8
30.04.2001	3.6	5.5	5.3	7.7	6.5
01.05.2001	3.1	4	2.8	5.8	5.4
02.05.2001	6.5	8	6.6	8.6	8.7
03.05.2001	5.2	4.4	3.7	5.1	4.4
04.05.2001	-0.2	0.5	1	3.5	2.7
05.05.2001	1.2	1.7	2	4.9	3.5
06.05.2001	3.2	4.6	4.8	8.5	5.6
07.05.2001	7.1	9.9	9.3	10.8	10.3
08.05.2001	8.8	10.6	10.2	9.3	10.7
09.05.2001	6.6	9.4	8.9	9.3	8.3
10.05.2001	6.5	9.2	8.5	9.9	8
11.05.2001	8.4	10.4	9.4	10.6	9.6
12.05.2001	7.6	10.7	10	8.4	10.1
13.05.2001	5.7	5	5.1	7.5	6
14.05.2001	5.7	5	4.7	6.5	4.9
15.05.2001	5.6	7	7.2	9.3	8.3
16.05.2001	6.1	8.5	8.5	11.5	10.6
17.05.2001	7.2	8.2	9.2	10.7	10.4
18.05.2001	6.9	6.5	7.2	9.3	8.3
19.05.2001	4.6	4.7	4.7	7.3	6.1
20.05.2001	1.4	1.8	2.2	5.2	3.3
21.05.2001	2	3.7	3.8	6.8	4.1
22.05.2001	4	6.9	6	8.9	6.8
23.05.2001	5.4	3.2	6	6.2	4.5
24.05.2001	2.4	2.3	1.8	5.2	3.9
25.05.2001	4	5.2	5.2	7	5.8
26.05.2001	6.6	8.3	6.2	7	6.3
27.05.2001	6.1	7.5	7	8	7.3
28.05.2001	4.7	6.2	7	7.6	7.6
29.05.2001	4.6	8	8.4	11.1	9
30.05.2001	8.7	8.5	8	10.5	10.7
31.05.2001	9.2	8.4	9.4	12.5	9.7
01.06.2001	4.2	7.6	6.2	7.42	7.5
02.06.2001	4.9	4.8	4.8	6.06	6.1
03.06.2001	5.3	4.7	4.7	6.87	6.2
04.06.2001	5.7	7	7	8.48	7.5
05.06.2001	9.1	9.1	8.4	10.85	9.1
06.06.2001	11.4	9.9	9.7	9.39	10.3
07.06.2001	6.9	6.4	6.7	9.58	7.8
08.06.2001	9.55	6.3	7	7.81	9.4
09.06.2001	6.1	6.2	6	6.94	6.9
10.06.2001	5.6	4.6	5.2	7.76	5.8
11.06.2001	4.6	4.1	3.8	5.74	4.6
12.06.2001	4.2	3.7	4.6	6.22	4.8
13.06.2001	5.9	6.5	5.6	8.76	7
14.06.2001	4.9	3.7	4.4	6.73	5.7
15.06.2001	5.8	5.4	5.8	7.99	6.8
16.06.2001	9	9	10.4	11.36	9.7
17.06.2001	10	10	9	11.74	8.9
18.06.2001	6.4	7.4	7.1	9.92	7.6
19.06.2001	13.1	13.3	13.6	13.63	16.2
20.06.2001	16.4	14.5	14.9	15.89	19.6
21.06.2001	11.4	10.7	11.9	15.06	15.9
22.06.2001	11	12.1	13.3	16.73	14.9
23.06.2001	15	14.2	15.8	17.43	14.2
24.06.2001	14.7	15.2	15.3	16.93	15.3
25.06.2001	14.9	15.1	15.1	12.04	17.2
26.06.2001	13.3	12.9	12.6	11.85	11.9
27.06.2001	14.5	14.4	13.1	15.28	16
28.06.2001	14.8	15	14.8	16.78	17.4
29.06.2001	13.5	14.2	14	14.71	15.6
30.06.2001	14.3	15.1	15.7	16.34	17.2
01.07.2001	10.6	10	10.6	12.1	11.7
02.07.2001	10.9	11.5	11.2	11.77	10.7
03.07.2001	15	16.4	14.8	14.87	14.7
04.07.2001	16.9	18.4	18.7	18.84	19.7
05.07.2001	14.8	15.3	15.1	14.71	16.1
06.07.2001	16.9	15.9	16.9	16.84	17.1
07.07.2001	17.2	16.8	16.4	15.23	17.6
08.07.2001	19.4	19.4	19.3	17.87	20.7
09.07.2001	19.8	19.3	19.3	18.65	20.6
10.07.2001	11.6	9.9	10.1	12.23	11.5
11.07.2001	14.6	14.5	15.1	15.13	16.4
12.07.2001	11.6	12.7	13.9	13.66	16.5
13.07.2001	11.5	10.8	11	12	13.6
14.07.2001	9.6	9.3	9	10.12	9.7
15.07.2001	8.6	8.6	9.4	11.87	10.9
16.07.2001	9.9	8.8	8.9	10.82	11.2
17.07.2001	11.4	9.3	9.5	11.67	12.4
18.07.2001	9.6	10	9.9	11.9	11.2
19.07.2001	9.4	8.9	8.4	11.22	9.5
20.07.2001	8.2	8.3	8.7	10.63	9.5
21.07.2001	11.4	11.4	11.7	13.01	11.9
22.07.2001	14.2	12.6	12.7	14.92	14.4
23.07.2001	13.5	14.8	14.5	14.75	15.9
24.07.2001	13.8	14	14.1	15.72	16.5
25.07.2001	13.1	13.4	13.2	14.9	14.9
26.07.2001	12	11.1	10.6	13.18	13.6
27.07.2001	9.8	11.3	11.5	13.72	12
28.07.2001	13.1	14.3	13	14.46	14.5
29.07.2001	13.7	16.7	15.4	14.67	16.4
30.07.2001	11.5	10.6	8.7	10.41	10.4
31.07.2001	8.7	8.9	8.2	9.81	9.1
01.08.2001	9.3	7.2	6.8	10.4	8.7
02.08.2001	8.4	7.9	8.7	10.6	9.7
03.08.2001	9.1	10.8	11.3	14.6	13.5
04.08.2001	12.1	13.3	13.5	14.7	15.2
05.08.2001	8.4	7.4	8.4	11.6	9.6
06.08.2001	9.3	9.4	9.3	11.7	10.9
07.08.2001	9.1	9.8	10.3	11.2	10.2
08.08.2001	10.5	10.8	10.9	14.8	13.6
09.08.2001	11.2	11.7	11.9	13.5	13.6
10.08.2001	11.6	8.6	10	11.8	12.4
11.08.2001	8.6	9.3	9.5	11.5	9.4
12.08.2001	9.2	11.4	9.7	12.5	10.6
13.08.2001	10.7	10.4	9.2	11.8	11.9
14.08.2001	13.4	13.7	13	13.6	13.7
15.08.2001	14.9	15.1	13.5	13.8	14.9
16.08.2001	17.9	19.8	18.8	15.8	19.6
17.08.2001	15.6	15.1	14.6	13.4	15.7
18.08.2001	11.6	11.2	10.4	13.2	12.7
19.08.2001	12.3	12.6	12.5	15	14.1
20.08.2001	11.2	13.7	13	16	14
21.08.2001	11.9	13.1	13.1	14.4	13.8
22.08.2001	13.6	14.4	14.5	14.7	17.3
23.08.2001	12.4	14.7	14.8	15.5	15.9
24.08.2001	14.4	15.4	16.3	17.2	18.7
25.08.2001	11.1	14.4	14.2	16.8	17
26.08.2001	13.1	13.1	13.6	14.3	15.3
27.08.2001	8.7	8.4	9.1	11.5	10.3
28.08.2001	7.3	7.4	7.5	10.9	9.2
29.08.2001	9.8	9.8	10.2	10.7	13.6
30.08.2001	10	11.5	11.8	12.7	13.4
31.08.2001	11.1	11.9	12	13.6	13.9
01.09.2001	8.7	9.2	9.1	12.2	11.2
02.09.2001	6.4	8.8	7.4	11	9.7
03.09.2001	8.4	9.1	8.6	11.5	9.3
04.09.2001	7.1	7.5	8.3	10.9	10.2
05.09.2001	7.5	8.5	7.9	9.5	9.4
06.09.2001	8	7.9	8.7	11.2	10
07.09.2001	8.9	5.5	4.8	8.1	9.1
08.09.2001	5.3	4.2	3.8	7.45	7.8
09.09.2001	7	8.3	7.5	9.85	10
10.09.2001	9.2	9.2	9.3	12.8	11.8
11.09.2001	9.5	8.7	9	9.8	12
12.09.2001	7	9.9	8.4	11	10.9
13.09.2001	7.9	7.8	6.9	11	9
14.09.2001	8.2	8.5	8.7	11.8	10
15.09.2001	8.5	8	8.3	11.2	11.3
16.09.2001	8.8	10.5	10.1	11.76	12.7
17.09.2001	9.1	9.3	9.1	10.8	11.9
18.09.2001	10	12.1	10.6	12.5	13.3
19.09.2001	11.1	12.6	12.3	16	13.2
20.09.2001	11.8	13.6	13.6	14.6	15.1
21.09.2001	9.2	10.8	10.4	13.6	10.6
22.09.2001	7.3	9.9	9	11.8	11.2
23.09.2001	6.1	8.7	8.1	12.1	8.7
24.09.2001	6.8	10.5	9.1	11.7	10.6
25.09.2001	6	7.3	7.8	9.4	7.8
26.09.2001	6	5.7	5.9	7.9	6.9
27.09.2001	4.3	5.1	4.9	7.6	6.4
28.09.2001	1.1	1.1	1.2	4	1.9
29.09.2001	-0.9	1	0.7	4.8	1.5
30.09.2001	3.2	6.2	4.5	5.4	5.8
01.10.2001	4.3	7.4	6.5	10.2	9.1
02.10.2001	7.3	9.7	8.4	10.4	9.9
03.10.2001	9.1	10.3	10.1	9.5	12.7
04.10.2001	8.5	7.8	6.6	10.3	9.1
05.10.2001	4.7	6.1	6.1	9.4	8.3
06.10.2001	7.4	9.9	8.5	10.1	9.5
07.10.2001	7.6	9.4	8.9	10.2	11.1
08.10.2001	6.3	8.9	7	9.1	9.6
09.10.2001	7.5	7.6	8.1	9.2	12
10.10.2001	8.5	7.6	7.4	8.2	12
11.10.2001	4.7	5.5	4.6	7.3	7.2
12.10.2001	7.2	10	8.1	9.7	10.9
13.10.2001	4	6.1	4.5	9.1	8.5
14.10.2001	5.2	6.7	4.8	7.7	8.1
15.10.2001	4.6	10.6	8.6	9	10.9
16.10.2001	10.2	11.6	10.4	11.8	13.1
17.10.2001	5.2	6.1	5.6	8.5	7
18.10.2001	-1.8	2.9	1.8	4.2	3.4
19.10.2001	-2.9	1.6	0.5	2.6	0.3
20.10.2001	-3.7	1.3	1.2	1.5	1.6
21.10.2001	-0.9	1.9	1	4.6	1.8
22.10.2001	-1.1	-0.2	-0.4	3.4	-0.2
23.10.2001	-4.8	-0.3	-0.4	2	-0.5
24.10.2001	-3.5	3.2	2.4	2.4	3.1
25.10.2001	0.2	5.6	4.4	6.9	6.2
26.10.2001	5.5	8.1	7.6	8.3	9
27.10.2001	3.5	3.7	3.1	6.8	6.6
28.10.2001	2.7	2.6	2.1	6.5	3.9
29.10.2001	0.1	2.8	1.4	4.3	3.9
30.10.2001	1.5	3.1	2.2	7	4.6
31.10.2001	0	0.6	0.5	4.5	2.7
01.11.2001	-2.7	-1	-0.9	3.2	1.1
02.11.2001	-0.1	6.7	2.8	8.5	5.4
03.11.2001	1.7	1.5	2.3	7.3	4.5
04.11.2001	-1	-1	-0.7	3.1	0.9
05.11.2001	-1.1	-2.3	-1.4	1.7	1.3
06.11.2001	-5.8	-3.8	-3.5	0.9	0.3
07.11.2001	-6.9	-4.5	-4.5	-1	-3.2
08.11.2001	-6.1	-7.1	-6.3	-3.2	-5.9
09.11.2001	-6.1	-4.8	-4.9	-0.2	-4.4
10.11.2001	1.7	4.6	3	6.9	4.3
11.11.2001	-1.5	-1.3	-1.3	3.3	0.4
12.11.2001	-3.4	-3.1	-2.2	1.8	-0.3
13.11.2001	-3.8	-3.9	-3.4	1	-0.9
14.11.2001	-3.5	-3.1	-3.4	1.5	-1.5
15.11.2001	0.2	1.3	1.5	6.1	2.7
16.11.2001	-0.3	0.4	-0.3	3.4	1.2
17.11.2001	2.6	2.4	2.5	6.7	4.4
18.11.2001	1	1.5	1.6	5.9	2.4
19.11.2001	1.4	1.8	2	5.6	2.4
20.11.2001	-5.9	0.5	-1.6	3.2	2
21.11.2001	-0.9	2.4	1.4	3.9	4.3
22.11.2001	-4	-4.5	-3.4	1.4	-0.7
23.11.2001	-5.5	-6	-6.8	-3.6	-2.4
24.11.2001	-5.4	-1	-2.3	2.4	0.1
25.11.2001	-0.4	4.9	1.3	2.2	5.6
26.11.2001	-1	-0.3	-0.5	1.4	1.2
27.11.2001	-3.6	-0.9	-2.5	-2.7	0.1
28.11.2001	-1.9	-0.8	-0.7	1.1	1.9
29.11.2001	-1.2	-0.3	-0.1	5	1.9
30.11.2001	-0.4	2	1.5	3.6	3.4
01.12.2001	0.6	2.1	1.6	5.4	2.9
02.12.2001	-1.6	0.5	-1.9	1.2	2.4
03.12.2001	-0.9	0.3	-0.3	-0.6	3.5
04.12.2001	-1.6	0.2	-0.3	4.5	2.2
05.12.2001	-3.3	-1.9	-1.7	2.3	0.2
06.12.2001	-4.1	-1.4	-2.5	1.3	-1.2
07.12.2001	-17.4	-4.6	-5.6	0.8	-2.9
08.12.2001	-6.6	2.3	-1	3.5	2.4
09.12.2001	-7.5	-4.3	-4.6	1.4	-2.1
10.12.2001	-1.2	5.5	3	6.4	4.7
11.12.2001	-1.2	-0.6	-3	3	1.2
12.12.2001	-15	-2.1	-4.9	-1.2	-3.1
13.12.2001	-0.6	1.1	0.7	5.5	2.2
14.12.2001	2.9	2	2.2	5.6	3.9
15.12.2001	-0.3	-2.1	-0.7	2	1.9
16.12.2001	2	1.3	1.9	5.6	3.8
17.12.2001	1.8	2.3	2.2	6.4	3.4
18.12.2001	1.1	0.2	1.9	6.3	3
19.12.2001	-8.4	-6.6	-6.3	-2.7	-6.3
20.12.2001	-9.3	-5.6	-7.8	-0.9	-5.9
21.12.2001	-13.9	-9.9	-8.9	-6.4	-10.9
22.12.2001	-18.4	-12.7	-12.8	-7.5	-12.6
23.12.2001	-11.1	-6.2	-6.9	-2	-6.2
24.12.2001	-12.2	-5.4	-7.7	0	-4.8
25.12.2001	-17.2	-10.2	-10.9	-2.2	-6.3
26.12.2001	-24.4	-9.5	-11.7	-3.6	-8.3
27.12.2001	-28.7	-12.9	-16.5	-6.4	-11.7
28.12.2001	-22.8	-16	-17.3	-10.6	-13.8
29.12.2001	-17.2	-11.6	-13.9	-9.8	-11.1
30.12.2001	-36	-18.3	-21.7	-16.9	-18.8
31.12.2001	-34.4	-13.8	-15.4	-11.5	-20
01.01.2002	-7.6	-2.6	-2.8	-0.3	-4.6
02.01.2002	-21.2	-10	-11.3	-5.6	-11
03.01.2002	-23.9	-0.9	-11.4	-2.6	-8.9
04.01.2002	-13.3	-3.3	-6	-0.3	-3.4
05.01.2002	-22	-3.5	-8.4	-2.9	-5
06.01.2002	-0.3	0.2	0.1	2.2	1.6
07.01.2002	-5.1	-0.1	-1	2.9	2.7
08.01.2002	-4.7	3.8	0.6	3.7	3.9
09.01.2002	-10.4	-2.9	-6.2	3.3	0.9
10.01.2002	-15.6	5.2	-0.1	7.1	4.8
11.01.2002	-3.7	2.8	1	3.7	4.8
12.01.2002	-5.9	4	1.2	2.9	3.4
13.01.2002	1.6	7.6	4.3	2.39	5.5
14.01.2002	-0.7	5.1	1.8	4.9	5.1
15.01.2002	-1.9	3.2	1.8	2.87	4.6
16.01.2002	-0.9	1.2	-0.5	1.83	2.9
17.01.2002	-8.7	-1	-2.6	0.29	0.6
18.01.2002	0.2	1.7	0.8	2.96	3.4
19.01.2002	-6.4	-1.4	-2.7	-0.29	1.4
20.01.2002	-5.6	-1.6	-3.5	0.7	-0.6
21.01.2002	-6.6	-5.1	-7	-2.4	-4
22.01.2002	-10.6	-4.3	-6.7	-3.5	-5.3
23.01.2002	-12.4	-8	-10.2	-2.7	-6.1
24.01.2002	-18.1	-9	-10.3	-7.6	-8.6
25.01.2002	-12.9	-7.7	-7.8	-0.7	-6.5
26.01.2002	-12	-7.4	-8.6	-5.4	-5.8
27.01.2002	-21.5	-13.3	-14.4	-7.7	-12.2
28.01.2002	-12.6	-2.5	-6.7	-1.4	-2.6
29.01.2002	-5.3	-4.6	-3.8	0.9	-1.9
30.01.2002	-7.2	-5.6	-6.3	-0.6	-3.8
31.01.2002	-8.6	-4.5	-5.4	-0.6	-3.5
01.02.2002	-8.9	-4.2	-5.8	-1.8	-2.1
02.02.2002	0.3	1.5	3.4	6	5.3
03.02.2002	3.6	3.7	4.1	3.1	5.6
04.02.2002	0.9	0.8	0.2	3.3	3.2
05.02.2002	-6.3	1.3	0	2	2.3
06.02.2002	-2.7	1.5	2	3.2	3.4
07.02.2002	-7.2	-1.6	-3.4	-0.4	-0.3
08.02.2002	-3.2	0.4	-0.3	1.5	1.7
09.02.2002	-3.2	1.1	-0.3	2.1	2.1
10.02.2002	-4	-0.9	-3	3.1	1.3
11.02.2002	-7	-5.1	-6	1.4	-0.1
12.02.2002	-4.9	-4.4	-3.8	-0.4	-2.4
13.02.2002	-3.9	-3.5	-2.9	0.9	-1.6
14.02.2002	-5.9	-2.3	-4.5	2.6	-0.8
15.02.2002	-1.5	-0.1	0.7	4.7	1.5
16.02.2002	4.9	6.1	3.9	7	6.5
17.02.2002	-0.5	-0.7	-1.3	2.2	1.1
18.02.2002	-6.4	-0.8	-1.8	0.1	0
19.02.2002	-7.5	-7.3	-7.7	-1.3	-4.3
20.02.2002	-16.3	-12.6	-12.2	-5	-6.5
21.02.2002	-8	-5.3	-6.1	-0.4	-3.8
22.02.2002	-1.5	0	0.4	1.5	0.5
23.02.2002	-6	-5.2	-4.7	-0.6	-2.8
24.02.2002	-6.1	-6.2	-4.8	-0.9	-2.4
25.02.2002	-4.3	-3.3	-3	0.3	-1.4
26.02.2002	-10.8	-7.3	-8.7	-6.5	-5.2
27.02.2002	-6.3	-6.4	-5.8	-4.4	-3.2
28.02.2002	-7.4	-6.4	-6.9	-5.2	-4.5
01.03.2002	-4.8	-4.3	-3.4	-0.8	-2.2
02.03.2002	-6.9	-7.3	-6.6	-3.3	-5.2
03.03.2002	-5.6	-2.8	-3.6	-0.1	-2.6
04.03.2002	-0.3	0.5	0.8	1.9	1.5
05.03.2002	-3.1	-3.3	-2.4	1.7	-0.1
06.03.2002	-9.3	-5.1	-5.4	-0.5	-1.7
07.03.2002	-12.7	-5.5	-7.1	0.6	-3.1
08.03.2002	-2.6	-2.4	-1.8	1.5	-0.5
09.03.2002	-3.4	-0.4	-1.8	0.7	0.4
10.03.2002	-6	-4.9	-4.8	-0.1	-1.6
11.03.2002	-2.8	-0.9	-1	-0.2	0.6
12.03.2002	-3.2	-2.1	-3	1.4	-0.2
13.03.2002	-8.1	-8	-8.3	-3.4	-3.8
14.03.2002	-14.9	-6.2	-6.2	-2.2	-5.3
15.03.2002	-10.3	-4.4	-4.2	-1.1	-2.3
16.03.2002	-8.2	0.4	-1	-1.1	1.9
17.03.2002	-6.6	2.1	-0.2	3	1.2
18.03.2002	0.3	3.1	2.5	2.1	3
19.03.2002	-1	-1.8	-1.9	1.5	-0.4
20.03.2002	-2	-1.8	-1.6	2.8	0.4
21.03.2002	-1.5	-1.4	-1	2.2	0.3
22.03.2002	-2.2	-1.2	-0.9	2.9	0.2
23.03.2002	-2.9	-2.4	-4.1	0.4	-2
24.03.2002	-9.3	0.3	-2.3	2.3	-1.5
25.03.2002	0.6	4.9	3	4.3	2.1
26.03.2002	-2.1	2.6	3.3	4.6	3.3
27.03.2002	0.4	5	4.2	5.3	4.8
28.03.2002	4.3	7.7	6.6	5.1	4.5
29.03.2002	1.7	3.3	3.5	4.9	4.7
30.03.2002	1.3	2.4	2.8	4.1	3.8
31.03.2002	0.3	0.8	1.9	2.8	2
01.04.2002	-0.8	2.6	1.4	3	3.6
02.04.2002	4.4	7.3	6.1	5.9	7.5
03.04.2002	4.8	7.7	5.8	7.1	8.1
04.04.2002	3.4	7.2	6	7.7	7.3
05.04.2002	4.6	6.4	6.1	6.1	8.3
06.04.2002	1.8	3.5	3.5	4.9	4.5
07.04.2002	2.1	3.3	3.5	6	4.6
08.04.2002	0.1	3	2.8	4.3	4.8
09.04.2002	1.2	2.9	2.9	6	4.3
10.04.2002	2.2	5.4	3.4	6.9	5.5
11.04.2002	3.2	3.8	3.2	5.1	4.8
12.04.2002	1.5	2.3	3	4.7	4.9
13.04.2002	0.8	1.1	2.3	5.3	3.6
14.04.2002	0.7	4.6	4	6.7	4.9
15.04.2002	1.8	4.5	4.9	7.5	5.6
16.04.2002	0.2	4.9	4.1	8.7	5.8
17.04.2002	1.9	5.9	4.4	5.4	6.2
18.04.2002	1.7	4.7	5.3	6	6.6
19.04.2002	2.2	4.5	4.8	5.2	5.2
20.04.2002	3.1	6.3	5	6.7	6.8
21.04.2002	6.6	7.5	5.3	7.4	7.4
22.04.2002	6.1	9.9	9	12	9.6
23.04.2002	5.8	7.3	6.9	7.5	7.5
24.04.2002	4.4	8	7	8	7.9
25.04.2002	9.1	9.2	8.6	8.1	10.7
26.04.2002	5.3	7.2	6.9	10.1	8
27.04.2002	3.9	6.4	6.1	9	8.2
28.04.2002	0.6	1	1.4	5	1.4
29.04.2002	1.9	4.5	4.2	7.6	6.2
30.04.2002	2.9	4.5	4.6	7.9	7.5
01.05.2002	3.4	6.8	5.3	11	8.9
02.05.2002	6.3	7	6.8	8.2	10.3
03.05.2002	4.7	6.7	5.5	6.7	7.4
04.05.2002	3.8	4	2.8	6.9	5.4
05.05.2002	2.8	4	4.1	7.2	6.1
06.05.2002	3.8	5.7	5.5	7.4	6.2
07.05.2002	8.8	10.6	9.5	10.1	11.5
08.05.2002	5	6.2	6.8	9.1	8.5
09.05.2002	7.8	8	8	10.1	7.9
10.05.2002	9.6	12.2	12.5	12.5	14.3
11.05.2002	12.5	13.6	14.3	15.3	16.5
12.05.2002	13.5	9.5	7.7	9.3	11.5
13.05.2002	6.8	7	7	9.4	8.7
14.05.2002	12.4	11.9	12.3	13.7	15.2
15.05.2002	10.6	11.3	11	12.2	10.8
16.05.2002	6.2	6	6.5	8.1	7.5
17.05.2002	4	4.7	3.9	6.8	4.9
18.05.2002	4	5.5	5.1	7.5	5.5
19.05.2002	10	8.4	8.6	11.1	10.3
20.05.2002	11.3	11.3	11.2	11.7	12.8
21.05.2002	12.7	14.9	14.6	16	16.9
22.05.2002	14.6	14.4	14.7	17.7	18
23.05.2002	16	16.1	17.6	16.6	20.3
24.05.2002	11.1	13	12.8	13.4	13.9
25.05.2002	9.2	10.3	10.3	15.2	9.9
26.05.2002	11.8	10.9	10.9	13.5	14.1
27.05.2002	9.3	9.8	10.4	13.6	13.3
28.05.2002	9.9	9.9	10.8	15.7	14.9
29.05.2002	12.5	12.4	13.3	17.2	15.9
30.05.2002	9.7	10.7	11.3	11.9	14.4
31.05.2002	10	9.3	9.2	11.6	11.9
01.06.2002	9.6	9.8	10	12.9	10.3
02.06.2002	12.9	13.1	12.7	16.3	14.5
03.06.2002	15.1	16.5	16.7	16.7	17.5
04.06.2002	16.6	19.3	17.4	19.1	20.2
05.06.2002	16.4	17.7	17.2	21.2	20.8
06.06.2002	18.2	19.7	19	19.3	21.3
07.06.2002	18.4	18	17.9	20.8	19.6
08.06.2002	18.6	19.2	16.9	22.9	20.8
09.06.2002	18.4	17.4	18.1	21	20.5
10.06.2002	14.2	15.7	16.9	19.2	18.5
11.06.2002	14.6	14.8	16	20.1	19.1
12.06.2002	10.4	9.7	10.5	13.5	12.8
13.06.2002	8.3	8.4	8.8	12.8	9.8
14.06.2002	9.4	9.1	9.5	12.6	11.5
15.06.2002	9.4	13.3	11.1	16.7	13.8
16.06.2002	11.4	10.9	11	14.1	12.5
17.06.2002	9.8	12.1	11.1	15.1	13.5
18.06.2002	12.9	13.1	12.4	15.8	15.7
19.06.2002	12.5	12.4	13	13.9	12.1
20.06.2002	13.1	12.2	12.8	14.4	14.2
21.06.2002	9.6	9.4	9.3	12.8	11.1
22.06.2002	9.4	10.1	9.7	13.2	11.6
23.06.2002	10.8	10.4	9.2	14.4	12.2
24.06.2002	9.6	9.4	10.1	12.8	10.6
25.06.2002	8.9	9.7	10	12.7	10.3
26.06.2002	9.7	9	9.4	11.6	11.8
27.06.2002	10.8	8.7	9.3	12.6	12
28.06.2002	9.9	9.4	9.9	12.3	11.4
29.06.2002	8.1	8.9	9.6	12	10
30.06.2002	9.1	9.6	9.9	11.4	11.6
01.07.2002	10.4	11	11.2	13.4	13
02.07.2002	9.8	11.6	11.6	15.6	15
03.07.2002	12.4	11.6	11.5	13.1	14.5
04.07.2002	12.3	12.1	11.3	13.2	14.4
05.07.2002	11.2	10.1	10.6	12.4	12.3
06.07.2002	9.8	7.3	7.7	12.1	11.2
07.07.2002	7.7	9.3	8.8	12.2	11.2
08.07.2002	11.8	11.2	11.8	15.2	13.7
09.07.2002	15.3	14.8	15.4	16.5	18.7
10.07.2002	16.8	18.6	18.9	18.8	21.1
11.07.2002	16.9	18.2	19.3	21.6	21.2
12.07.2002	12.7	11.5	12.4	14.2	13.7
13.07.2002	11.5	13.1	13.5	15.1	15
14.07.2002	13.5	13.3	11.9	16.5	15.7
15.07.2002	14.4	12.8	12.9	15.9	15.7
16.07.2002	15.3	14.7	13.9	15.8	16
17.07.2002	11.9	9.8	9.7	13.2	11.4
18.07.2002	12.5	12.3	12.1	15.2	14.5
19.07.2002	15.1	13.8	13.3	15.7	15.6
20.07.2002	12.9	11.7	12	15.9	14.5
21.07.2002	16.6	15.3	14.7	16.7	15.3
22.07.2002	13.4	14	12.8	15.3	15.1
23.07.2002	10.6	9.6	9.9	13.9	11.6
24.07.2002	10.8	10.2	10	12.8	11.6
25.07.2002	10.3	10.5	10.9	13.9	12.1
26.07.2002	10.3	12	11.1	13	12.3
27.07.2002	14.2	11.9	11.3	14.4	14.9
28.07.2002	15.9	19.2	19	17.6	20.15
29.07.2002	14.9	14	14.2	15.1	14.7
30.07.2002	18.9	19.3	19.1	18.6	19.3
31.07.2002	17.4	18.1	17.9	19.9	19.5
01.08.2002	16.7	15.3	14.9	15.7	15.8
02.08.2002	15.7	17.3	15.7	17.5	16.9
03.08.2002	16.3	20	18.1	16.9	19.4
04.08.2002	13.5	16	14.4	16.8	15.1
05.08.2002	15.2	17.8	18.1	15.9	20.2
06.08.2002	14.9	16.3	14.4	15.1	17.5
07.08.2002	14.7	16.7	15.9	16.8	15.6
08.08.2002	16.1	17.9	16.3	18.3	17.1
09.08.2002	16.8	18.2	17.6	18.3	18.5
10.08.2002	16.2	18.3	17.1	18.4	20.6
11.08.2002	16.6	18	17.5	20.1	19.9
12.08.2002	13.7	16.4	16.5	16.8	19.8
13.08.2002	14.5	14.7	15	16.3	15.6
14.08.2002	14.5	13.8	13.5	16.5	14.7
15.08.2002	14.5	15.6	15.1	17.8	16.4
16.08.2002	14	15.8	15.1	17.5	16.1
17.08.2002	16.9	17.5	18.1	19.7	16.6
18.08.2002	18.1	21.3	20.6	21.1	19.6
19.08.2002	17.1	20	20.2	21.3	19.8
20.08.2002	16.3	18.3	17.8	20.1	19.1
21.08.2002	16.7	19.2	18.4	17.6	20.3
22.08.2002	17.5	17.6	17.4	17.7	20.2
23.08.2002	15.6	18.1	17.2	20	18.5
24.08.2002	15.3	19.6	18.3	15.9	20.9
25.08.2002	14	17.4	16	16.5	16.9
26.08.2002	14.8	14.5	16	16.3	16.4
27.08.2002	13.1	13.6	14.2	16.8	16.1
28.08.2002	10.9	11	10.2	12.8	11.4
29.08.2002	12.7	14	13.7	15	14.4
30.08.2002	13.1	12.3	11	13.4	12.8
31.08.2002	9.1	8.9	9.2	12.1	10.6
01.09.2002	9.1	9.4	9.3	12.6	10.6
02.09.2002	11.3	14	12.5	13.6	14.1
03.09.2002	12.5	11.3	11.2	12.6	11.9
04.09.2002	15.2	16.4	14.8	15.1	15.7
05.09.2002	13.6	14.7	14.6	15.1	16.6
06.09.2002	8.6	10.6	9.1	11.7	11.3
07.09.2002	10.2	10	10.3	11.9	12.2
08.09.2002	10.9	12.7	13.5	14.7	14.2
09.09.2002	12.8	13	12.6	13.6	12.5
10.09.2002	11.7	13.7	11.1	13.3	12.7
11.09.2002	11.8	15	14	14.5	15
12.09.2002	11	13.2	12.1	13.4	11.8
13.09.2002	11.5	12.2	11.8	13.8	11.3
14.09.2002	6.6	8	7.9	11.1	8.9
15.09.2002	6.8	6.3	6.3	10.1	8.6
16.09.2002	9.3	9.4	9.5	12.4	10.8
17.09.2002	7.9	8.3	7.9	10.5	9.1
18.09.2002	5.9	5.5	5.6	8.6	8.1
19.09.2002	4.3	5.7	4.8	7.1	5.7
20.09.2002	4.9	5	4.8	8.3	7.2
21.09.2002	3	5	4.7	8.1	6.3
22.09.2002	3.5	3.7	4.7	7.8	5.7
23.09.2002	0.6	2.4	1.6	6	3.2
24.09.2002	5.6	5.9	6.4	9.3	7
25.09.2002	1.4	2.3	2.5	4.9	2.9
26.09.2002	1	1.2	0	4.4	4
27.09.2002	1.3	5	3.8	7.1	4.3
28.09.2002	8	8.7	7.7	11.4	10
29.09.2002	6.7	6.7	6.5	9.6	7.4
30.09.2002	6.2	6.9	6.9	9.2	7.6
01.10.2002	3	4.6	3.3	6.9	4.9
02.10.2002	2.3	6.3	4.6	6	3.7
03.10.2002	8.1	9	8.6	9.4	7.6
04.10.2002	5.3	7	7.4	9.4	7.8
05.10.2002	0.9	5.6	4.8	8	3.6
06.10.2002	-0.8	1	1.3	5.1	2.1
07.10.2002	-4	-1	-3	1.4	-0.5
08.10.2002	-1.7	-0.2	-0.7	2.4	1.7
09.10.2002	-0.8	0.2	0.6	1.1	1.6
10.10.2002	-1.9	0.6	1.55	2.4	2
11.10.2002	-2	1.4	1.4	3.2	1.7
12.10.2002	-0.1	0.8	1	2.3	3.4
13.10.2002	-0.8	0.3	0.7	2.4	2.1
14.10.2002	-0.4	1	1.4	2.7	3.3
15.10.2002	-1.5	-0.3	-0.2	4	0.8
16.10.2002	-4.1	-2.3	-3.6	0.1	-3.5
17.10.2002	-2.6	-2.4	-2.7	0.7	-3.1
18.10.2002	-7.3	-5.1	-6.6	-2.4	-4.6
19.10.2002	-10.8	-3.1	-6.2	0.4	-3
20.10.2002	-5.1	-2.3	-4.4	1.1	-0.5
21.10.2002	-6.4	-3.4	-5.7	1.3	-0.7
22.10.2002	-3.3	-2.9	-4.4	-4.3	-0.2
23.10.2002	-2.8	0.3	-1	4.5	1.7
24.10.2002	0.9	2.9	1.7	5	3.3
25.10.2002	0.4	2	1.1	3.4	3.4
26.10.2002	2.6	3	2.3	2.9	5.2
27.10.2002	-2.16	0.8	0.1	4.1	1.9
28.10.2002	-0.7	-1.6	-2.1	4	1.8
29.10.2002	-0.8	-0.8	0.4	4	1.9
30.10.2002	-1.8	-3.4	-2.1	0.1	1.2
31.10.2002	-3.3	0.8	-0.3	4.1	2.1
01.11.2002	-2.1	-1.3	-0.7	0.5	-0.5
02.11.2002	-12	-7.6	-8.2	-2.1	-4.1
03.11.2002	-16.1	-1.8	-5	-1.9	-0.8
04.11.2002	-18	-6.4	-8.7	-1.8	-5.6
05.11.2002	-14.8	-5.2	-6.3	-0.4	-4
06.11.2002	-2.4	3	0.6	5.3	3.4
07.11.2002	-0.7	-0.7	-0.8	0.8	1.3
08.11.2002	-2.2	-1.7	-1.2	2.9	0.1
09.11.2002	-8.6	-3.1	-4.4	1.3	-2.3
10.11.2002	-17.3	-5.6	-7.8	-3.3	-5
11.11.2002	-13.6	-7.6	-9.8	-7	-6
12.11.2002	-17.6	-7.6	-9.1	-5.5	-6.2
13.11.2002	-10.4	-6.2	-7.3	-4.4	-4.9
14.11.2002	-6.6	-5.2	-5.6	-5.2	-2
15.11.2002	-3.3	-0.4	-2	-2.1	0.9
16.11.2002	-5.4	-4.2	-3.1	1.3	-0.8
17.11.2002	-1.9	-2.9	-2.7	0.5	-1.5
18.11.2002	-3.1	-3	-2.4	0.7	-1.1
19.11.2002	-10.4	-7.4	-9.1	-4.4	-5.1
20.11.2002	-11.5	-7.4	-11.8	-4.8	-10.4
21.11.2002	-18.1	-4.1	-6.3	-0.2	-11.4
22.11.2002	-7.6	-3.6	-5.1	0.3	-3.9
23.11.2002	-5.5	-2.9	-4.4	-4.9	-1.9
24.11.2002	-4.7	-0.8	-2.5	1.3	-0.7
25.11.2002	-2.1	0.8	-1.4	0.3	1.7
26.11.2002	-3.9	-3.5	-3.8	1.4	-1.5
27.11.2002	-3.7	-2.9	-3	0.7	0.7
28.11.2002	-5.8	0.1	-2.6	-1.8	-0.2
29.11.2002	-4.4	-0.9	-1.4	3.4	-1.15
30.11.2002	-7.9	-4.6	-6.4	-1.1	-4.1
01.12.2002	-6.8	-3.4	-5.5	-2	-3.1
02.12.2002	-5.8	-2.3	-4.6	-2.9	-2.1
03.12.2002	-10.2	-0.6	-3.7	-4.7	0.7
04.12.2002	-1.4	-0.6	-1.8	-3.6	0.4
05.12.2002	-4.4	-1.5	-3.1	-1.6	-0.3
06.12.2002	-6.2	-8.1	-5.7	-2.9	-3.3
07.12.2002	-16.9	-6.7	-8.1	-3.2	-6
08.12.2002	-25	-11.4	-12.6	-2.9	-9.9
09.12.2002	-11.6	-6.7	-7.6	-1.5	-4.2
10.12.2002	-10.9	-7.4	-7.3	-2.1	-4.5
11.12.2002	-8.6	-4	-4.8	1.1	-3.3
12.12.2002	-1	-2.3	-1.3	2	1
13.12.2002	-8.3	-10	-7.7	-4.9	-3.4
14.12.2002	-14.7	-12.6	-13.5	-7.3	-9.1
15.12.2002	-17.6	-12.1	-14.8	-9.8	-9.9
16.12.2002	-21.1	-8.5	-10	-2.4	-6.4
17.12.2002	-14.5	-4.1	-5.1	2.4	-1.6
18.12.2002	-3.9	-3	-3.2	1.7	-1.2
19.12.2002	0.9	1.7	2.7	5.7	2.7
20.12.2002	-3	-3	-1.9	0.7	-0.7
21.12.2002	-7.5	-7.3	-6.6	-3.2	-5.5
22.12.2002	-23.3	-14	-15.6	-8.7	-10.1
23.12.2002	-17.2	-5.9	-10.1	-6.4	-6.7
24.12.2002	-10.2	-4.3	-6.8	-7.1	-5
25.12.2002	-14.9	-2.7	-6.7	-1.8	-5
26.12.2002	-10.7	-0.8	-2.7	0.1	-2.5
27.12.2002	-6.4	3.1	-3.3	0.3	0.5
28.12.2002	-5.7	0	-3.6	-1.7	-1.2
29.12.2002	-10.7	-5.9	-6	-3.8	-5.7
30.12.2002	-22.8	-16.8	-17.5	-11.6	-16.1
31.12.2002	-27.8	-10.4	-13	-8.2	-14
01.01.2003	-11.6	-7.3	-8	-5.4	-9.5
02.01.2003	-29	-15.4	-17.5	-14.4	-20.6
03.01.2003	-31.2	-20.8	-22.2	-16	-22.3
04.01.2003	-31.7	-13.1	-16.7	-6.9	-14.6
05.01.2003	-18	-10.1	-10.6	-7.1	-13.6
06.01.2003	-15.6	-6.4	-7	-1.9	-10.2
07.01.2003	-0.8	-1.2	-0.2	2.9	0.8
08.01.2003	-0.4	-0.4	-0.1	4.1	1.5
09.01.2003	-3.7	-3.3	-2.1	0.3	-1.8
10.01.2003	-8.9	-7.3	-6.9	-3	-4.2
11.01.2003	-1.7	0	0.9	4.2	0.7
12.01.2003	-2.2	0.3	-0.9	3.3	2
13.01.2003	-4.4	-2.8	-2.6	0.1	-1.7
14.01.2003	-0.4	0.7	1	4	1.6
15.01.2003	0	2.3	0.3	3.3	2.2
16.01.2003	-4.6	-3.6	-3.8	0.5	-1.7
17.01.2003	1.5	5.1	2	3	5
18.01.2003	0.8	1.5	1.6	5.3	3.4
19.01.2003	-5.8	-4.9	-4.8	-1.1	-3.8
20.01.2003	-7.7	-3.1	-4.7	-0.2	-3.2
21.01.2003	0.7	2.1	0	-0.3	2
22.01.2003	-1.6	-4.7	-4.2	-1.6	-3.1
23.01.2003	-6.7	-6.8	-7.7	-2.8	-5.7
24.01.2003	-5.2	0.8	-1.4	2.8	-2.5
25.01.2003	-1.7	3.3	0.9	3	3.8
26.01.2003	-2.8	0.5	-1	3.1	1.7
27.01.2003	-2.4	-0.2	-0.3	3	1.1
28.01.2003	-7.3	-3.9	-3.4	1.2	0
29.01.2003	-8.4	-7.6	-8	-3.1	-8
30.01.2003	-25.3	-12.6	-16.5	-7.1	-16.6
31.01.2003	-29	-11.8	-15	-7.3	-16.6
01.02.2003	-17.6	-1.7	-6.5	1.9	-4.2
02.02.2003	-3.8	-1.4	-2.4	0.5	-0.3
03.02.2003	-3.7	-3	-3.2	-2.6	-0.9
04.02.2003	-6.2	-5	-4.7	-4.1	-3
05.02.2003	-13.2	-10.1	-11.8	-5.2	-8.6
06.02.2003	-15.6	-5.1	-6.7	-2.1	-6
07.02.2003	-12.3	1.4	-5.2	1.1	-2.1
08.02.2003	-1.1	5.4	3.1	5.1	5.1
09.02.2003	2.4	4.1	3.7	3	5.3
10.02.2003	-1.6	2.6	1.5	2.7	3.1
11.02.2003	-4.9	3.2	0.5	2.7	2.4
12.02.2003	-4.3	0.4	-1	1.8	2.8
13.02.2003	-11.3	-3.4	-4.8	2.1	0.2
14.02.2003	-6	-3.5	-3.5	0.8	0.9
15.02.2003	-8	-7.8	-5.2	0.7	1
16.02.2003	-11	-7.5	-8.3	-1.3	-4.5
17.02.2003	-17.5	-7.1	-9.7	-2.2	-6.5
18.02.2003	-12.8	-1.3	-3.1	-0.6	-1.7
19.02.2003	-13.8	0	-1.8	-1.6	-4
20.02.2003	-15.9	1	-1.9	1.5	-2
21.02.2003	-12.9	1.8	-0.6	-1	1.5
22.02.2003	-14	-4.2	-4.4	1	-3
23.02.2003	-14.9	-2.4	-3.5	-0.8	-2.2
24.02.2003	-14.3	-0.9	-6.1	0.3	-3.1
25.02.2003	-12	-2.6	-4.3	1.7	-4.8
26.02.2003	-9.4	0.2	-3.1	0.9	-0.3
27.02.2003	-12.8	-3.6	-3.8	-0.3	-1.9
28.02.2003	-15.5	-5.2	-5.9	-2.5	-4.7
01.03.2003	-15.6	-1	-3.7	-0.8	-0.6
02.03.2003	-12.4	-5.5	-6.4	1.1	-3.9
03.03.2003	-10.4	-7	-7.6	-1	-5.5
04.03.2003	-10.3	-7.2	-7.7	-1.2	-4.6
05.03.2003	-6.4	-1.8	-3	2.1	-0.9
06.03.2003	-2.3	-0.6	-1.3	3.7	0.9
07.03.2003	-2.2	3.1	3	3.7	2.9
08.03.2003	0.1	1.5	2	4.9	4.1
09.03.2003	-0.8	2.3	1.1	4.5	2.5
10.03.2003	3	4.6	3.8	5.2	4.9
11.03.2003	0.4	3.7	2.1	3.6	3.9
12.03.2003	-2.9	-2.3	-1.6	2.2	-0.6
13.03.2003	0.8	3.1	2.1	5.7	4.3
14.03.2003	-6.3	-1.4	-1.2	3.5	1.6
15.03.2003	0	2.8	2	3.3	3.9
16.03.2003	-3.5	-0.3	-0.4	2.7	0.7
17.03.2003	2.4	3	3.2	5.7	3.3
18.03.2003	2.6	2.6	2.5	5.7	3.1
19.03.2003	0.1	0.5	0.6	4.3	2.1
20.03.2003	-3.7	-2	-1.7	2.2	-1.7
21.03.2003	-5	1.2	0.6	5	1.3
22.03.2003	4.3	6	4.7	8.1	6.1
23.03.2003	4	2.8	2.2	7.5	5.1
24.03.2003	1.5	2.3	3.4	6	4.4
25.03.2003	2.5	3.6	3.6	6.1	6
26.03.2003	1.5	6.2	5.5	7.2	7.7
27.03.2003	3.1	3.3	3.2	5.6	4.2
28.03.2003	1.3	2.9	2.7	4	4.3
29.03.2003	4.1	5.2	5.7	7.2	5.9
30.03.2003	-0.4	-0.1	-0.4	3.3	2.2
31.03.2003	-1.9	-1	-0.1	3.4	0.6
01.04.2003	0.4	2.4	2.1	6.3	3.6
02.04.2003	-0.3	-0.5	0.1	3.4	1.6
03.04.2003	-3.2	-3.1	-1.6	2.1	-0.5
04.04.2003	-0.9	-1.1	-0.4	3.5	-0.2
05.04.2003	-4.9	-4.9	-4.2	0.2	-2.5
06.04.2003	-4.4	-3.6	-2.9	-0.9	-2.2
07.04.2003	-7	-2.3	-3.1	1.4	-1.7
08.04.2003	-6.5	-1.2	-1.6	3.3	-1.4
09.04.2003	-2.5	0.7	1.8	6	4
10.04.2003	-4.6	0.4	0.5	3.9	0.6
11.04.2003	-3.2	-2.4	-0.7	3.2	1
12.04.2003	-1.6	1.2	1.3	5.3	2.4
13.04.2003	-1.4	1.1	0.3	5.1	2.2
14.04.2003	-0.8	3.6	1.9	5.8	4.6
15.04.2003	3.5	7.9	7	10.6	9
16.04.2003	6.4	8.3	8.9	10.7	9.9
17.04.2003	6.3	9.2	9.5	11.8	9.3
18.04.2003	6.6	9.3	9.4	8.3	9
19.04.2003	7.4	9.4	9	8.2	9.9
20.04.2003	6.7	9	8.6	10.33	10.1
21.04.2003	7.9	8.9	5.61	9	9.15
22.04.2003	5	8.8	7.8	6.8	8.2
23.04.2003	0.6	3	3.4	7.3	3.4
24.04.2003	1.4	3	2.4	5.3	3.1
25.04.2003	1.1	4.2	3.8	5.7	3.7
26.04.2003	0	4.5	3.5	8.7	5.7
27.04.2003	0.7	4.2	3.3	8.1	4.7
28.04.2003	1.8	2.7	2.4	5.2	4.4
29.04.2003	1.8	3.3	3.6	6.8	4.7
30.04.2003	2	4.6	4	5.4	4.2
01.05.2003	0.91	0.6	1.1	3.1	2.2
02.05.2003	-0.6	0	-0.2	1.6	0.1
03.05.2003	-2.1	0.1	0.4	3.1	2.5
04.05.2003	2.3	2.3	1.7	5.3	3.5
05.05.2003	5.8	7.5	6.9	9.5	9
06.05.2003	6.3	6.8	7	6.8	6.1
07.05.2003	3.6	4.2	4.2	6.2	5.6
08.05.2003	2.5	4.6	3.7	7.7	4.3
09.05.2003	6	6.8	6.5	7.4	5.8
10.05.2003	3.4	4.6	4.8	7.5	7.3
11.05.2003	5.3	6.5	5.7	9.3	8.9
12.05.2003	7.1	7.8	7.8	10.5	10.9
13.05.2003	7.7	7.9	9.4	9.5	10.6
14.05.2003	5.8	4.1	5.6	6.7	7.6
15.05.2003	2.4	3.6	4.1	5.2	4.8
16.05.2003	1.9	3	2.1	6.4	4.1
17.05.2003	8.2	6.6	6.8	10.1	8.8
18.05.2003	8.6	9	9.6	13.1	12.1
19.05.2003	9.7	10.3	10.8	14	13.8
20.05.2003	8.8	9.1	8.6	9.3	11.6
21.05.2003	7.6	7.4	8.2	9.3	9
22.05.2003	6	6	6.3	9.6	7.6
23.05.2003	9.6	9.1	10.3	13.6	12.2
24.05.2003	8.1	9.3	10.3	13.2	12.5
25.05.2003	9.8	10.5	11	11.6	13.5
26.05.2003	8.4	8	8.1	10.5	8.7
27.05.2003	7.1	8.2	6.9	9.1	8.6
28.05.2003	7.7	9.7	9.6	11.4	9.6
29.05.2003	10.1	11.6	11.5	12.1	12.1
30.05.2003	8.8	8.4	8.4	8.6	7.9
31.05.2003	4.4	5.6	5.4	8.3	5.5
01.06.2003	10.3	9.8	9.9	10.8	10.9
02.06.2003	14.3	16.3	15.9	18	16.8
03.06.2003	16.9	17.8	17.8	17.6	20.1
04.06.2003	16	15.6	15.1	16.7	16.2
05.06.2003	11.4	13.3	13.8	14.8	15.3
06.06.2003	10.4	10.3	9.7	13.2	12.2
07.06.2003	9.6	10.9	11.2	13.2	11.2
08.06.2003	11.2	11	11.4	13	11.3
09.06.2003	9.4	9.3	9.5	12.3	10.5
10.06.2003	7.5	8	8.3	10.8	8.6
11.06.2003	10	10.3	9.9	11.8	11
12.06.2003	10.5	10.8	11.4	11.8	10.3
13.06.2003	7	7.8	6.5	8.1	6
14.06.2003	5.6	5.6	6.3	8.41	7.1
15.06.2003	5.5	6.8	7.1	9.2	7
16.06.2003	5.7	6.1	5.8	7.8	6.7
17.06.2003	9	9.8	9.6	11.6	10.9
18.06.2003	14	13.8	13.9	13.4	15.2
19.06.2003	10.6	12.5	11.3	13.6	11.9
20.06.2003	8.3	9	8.6	10.1	9.9
21.06.2003	10.2	9.4	9.3	12.3	11.7
22.06.2003	10.8	10.2	11.4	13.6	13.2
23.06.2003	10.2	12	11.6	17.1	14.7
24.06.2003	9.8	10.9	10.8	15.7	13.8
25.06.2003	10.2	10.5	10.6	13.5	11.7
26.06.2003	14.2	14.4	14.3	16.3	14.6
27.06.2003	15.3	16.1	16.4	18.6	16.7
28.06.2003	16	15.7	15.8	14.5	17.2
29.06.2003	12.4	15	15.1	19.8	16
30.06.2003	11.2	13.7	14.3	18.1	14.4
01.07.2003	12.6	14.5	14.4	18.7	16.9
02.07.2003	12.1	14.1	14.1	19.7	16.7
03.07.2003	15.4	15.4	15.5	20	19.1
04.07.2003	14	14.6	14	15.4	14.6
05.07.2003	8.8	9.3	9	11.7	10.2
06.07.2003	10.6	10.2	10.3	12.2	11
07.07.2003	11.1	11.3	12.6	12.8	12.8
08.07.2003	12.8	12.4	12.8	15	14.4
09.07.2003	10.8	11.4	10.9	11.9	12.2
10.07.2003	13.2	14.1	13.7	16.5	15.6
11.07.2003	13.7	14.1	12.8	13.1	16.8
12.07.2003	10.6	9.8	10.4	13.9	12.1
13.07.2003	12.3	13.4	14.1	15	14.4
14.07.2003	17.3	18.3	17.7	18.4	19.4
15.07.2003	17.7	21.4	20.5	17.9	22.6
16.07.2003	19.9	21.2	20.6	21.7	23.1
17.07.2003	19.5	19.2	19.2	19.9	21.8
18.07.2003	18.7	20.4	21.1	19.9	20.8
19.07.2003	18.5	19.4	18.9	18.4	20.8
20.07.2003	19.1	19	19.6	21.4	20
21.07.2003	18.4	18.2	18.4	19.4	22.2
22.07.2003	16.5	15.8	16.1	16.6	18.2
23.07.2003	15.3	13.5	11.6	15.8	15.9
24.07.2003	16.2	14.5	15.4	18.3	17.6
25.07.2003	15	15.3	15.8	17.2	17.5
26.07.2003	16.4	15.5	15.9	19.4	18.9
27.07.2003	17.1	15.8	15.6	16	17.6
28.07.2003	13.7	13.6	13.8	15.7	14.6
29.07.2003	14.8	15.7	15	16.9	16.9
30.07.2003	16.5	18.4	17.1	18.6	20.3
31.07.2003	17.8	18.2	17.7	18.6	21.6
01.08.2003	16	18.6	18.8	19.5	20.2
02.08.2003	15.3	12.6	13.4	16.3	15.3
03.08.2003	14.3	13.4	14	16.3	14.5
04.08.2003	10	11.6	10	13.8	12.6
05.08.2003	11	11.7	11.7	13.9	11.4
06.08.2003	10.2	12.5	11.9	14.7	13.4
07.08.2003	12.5	14.3	13.5	14.8	13.9
08.08.2003	13	13.2	12.3	16.8	14.5
09.08.2003	11.9	16	14.6	17.4	14.7
10.08.2003	18	20.1	19.7	21.1	19.9
11.08.2003	13.8	14.3	14.6	16.9	15.7
12.08.2003	13.7	12.7	13.1	16.2	14.8
13.08.2003	10.2	11.2	11.6	15.2	12.4
14.08.2003	11.3	10.8	11.4	14.2	12.7
15.08.2003	12.4	11.4	11.5	14.8	13.9
16.08.2003	12.7	11.4	12	14.9	13.6
17.08.2003	12.7	12.4	12.9	15.6	13.8
18.08.2003	13.8	14	13.5	16.2	15.9
19.08.2003	13	13.1	13.9	14.6	16.3
20.08.2003	10.4	11.9	10.2	13.3	12.7
21.08.2003	11.2	11.9	11	14.6	13.4
22.08.2003	11.2	13	12.4	13.9	14.1
23.08.2003	12.2	11.3	11.8	14.6	14.2
24.08.2003	11.3	11.6	11.6	14.6	13.4
25.08.2003	9.6	9.5	9.5	12.9	11.1
26.08.2003	6.5	5.8	6.2	10.1	7.6
27.08.2003	6.6	5.6	6.6	9.7	9.2
28.08.2003	7	7.4	7.9	10.8	9.5
29.08.2003	7.7	6.9	7	10.1	8.9
30.08.2003	6.5	6.5	6.6	9.3	8.4
31.08.2003	5.1	5.1	5.7	7.7	6.6
01.09.2003	4.5	6.1	6.6	8.9	7.3
02.09.2003	5.2	6.6	6.4	8.4	8.2
03.09.2003	8.1	10.2	10.2	13.1	11.7
04.09.2003	9	10.5	10.4	13.4	11.7
05.09.2003	11.4	11.7	13.2	14.4	14.4
06.09.2003	11.5	11.7	10.6	15	13.4
07.09.2003	10.4	13.1	13.1	14.6	15.5
08.09.2003	9.5	12.3	10.4	14	13
09.09.2003	11.1	13.4	12.7	16.5	15.2
10.09.2003	11.36	13.7	13.7	14.9	15.4
11.09.2003	6.7	12	10.5	11.9	13.2
12.09.2003	7.43	9.5	9.8	11.3	11.3
13.09.2003	8.33	10	9.3	10.9	12.2
14.09.2003	12.85	14.1	13.9	12.2	14.6
15.09.2003	9.87	11.7	8.9	10.8	11
16.09.2003	6.98	7.7	7.9	9.9	9.1
17.09.2003	4.6	6.7	5.7	9.6	9
18.09.2003	11.43	13.4	12.3	11.6	13
19.09.2003	3.75	4	4.6	7.4	6.9
20.09.2003	1.16	4.2	3.6	5.7	5
21.09.2003	7.75	9.7	7.9	8.3	8.5
22.09.2003	7.26	8.9	8.4	9.2	9.6
23.09.2003	1.17	1.7	2	6.4	4.3
24.09.2003	1.24	2.2	3.1	7.5	5.6
25.09.2003	4.76	5.1	5.4	8	6.9
26.09.2003	6.6	8.2	6.9	8.5	9.3
27.09.2003	2.09	3	1.9	5.2	4.8
28.09.2003	0.42	1.6	0.9	3.8	1.9
29.09.2003	1.13	2.1	1.7	3.4	4.1
30.09.2003	2.09	4.3	3.4	4.7	4.6
01.10.2003	2.94	3.9	4	7.8	6.1
02.10.2003	2.76	5.2	3.7	7.3	6.6
03.10.2003	6.14	8.4	7.9	8.6	9.8
04.10.2003	1.9	5.1	4.6	6.3	7.9
05.10.2003	0.77	3.6	2.6	7	4.2
06.10.2003	1.67	4.1	2.5	4.5	5.7
07.10.2003	2.46	5	3.7	5.6	6
08.10.2003	0.38	4.2	1.6	6.5	5.1
09.10.2003	1.46	2.4	2.8	5.2	4.1
10.10.2003	2.17	5.6	5	7.1	5.9
11.10.2003	2.32	3	3.5	7.2	5.2
12.10.2003	1.45	2.4	2.5	5.4	4
13.10.2003	-0.59	1.8	1.1	3.9	2.6
14.10.2003	-3.68	-0.6	-0.4	2.4	1.2
15.10.2003	-1.77	-0.9	-1	1.3	2.9
16.10.2003	-2	0.1	-0.2	3.9	3.8
17.10.2003	-0.16	1.8	1	7.3	5.5
18.10.2003	-0.94	0.3	-0.5	3.2	0.7
19.10.2003	-2.1	-1.3	-1.3	2	-0.7
20.10.2003	-4.32	-3.4	-4.1	-0.5	-1.5
21.10.2003	-7.06	-3.8	-4.9	-0.4	-2.8
22.10.2003	-11.35	-6.9	-9	-3.9	-7.5
23.10.2003	-9.46	-4	-5.2	0.9	-4.8
24.10.2003	-1.58	0.5	0.5	4.9	1.7
25.10.2003	-3.36	-2	-1.9	0.7	-0.5
26.10.2003	-5.06	-2.2	-1.9	1	-0.3
27.10.2003	1.04	5.2	3.4	8.1	2.5
28.10.2003	1.36	2.7	2.1	6.2	4.3
29.10.2003	-3.51	2.2	-0.3	3.1	1.9
30.10.2003	-1.72	2	0	-0.1	2.1
31.10.2003	-2.8	0.7	0.1	0.7	2.6
01.11.2003	-0.43	1.9	0.8	2.1	3.4
02.11.2003	-0.53	0.5	0.2	2.1	4.1
03.11.2003	1.99	4.7	3.6	3.8	6.6
04.11.2003	-2.12	2.1	0.5	4.7	2.8
05.11.2003	1.94	9.3	5.6	7.9	8.3
06.11.2003	4.59	10.5	5.6	8.6	8.7
07.11.2003	-0.58	2.9	0.5	5.4	2.3
08.11.2003	-4.41	6.9	2.6	2.2	3.7
09.11.2003	-4.7	8.7	5.5	6.7	10.3
10.11.2003	-2.21	2.4	0.8	3.2	1.5
11.11.2003	-2.39	-0.8	-0.8	2	0.5
12.11.2003	-3.56	0	-0.2	1.1	0
13.11.2003	-6.07	1.4	-1	-0.6	0.4
14.11.2003	-3.32	0.4	-1.3	1.7	0.4
15.11.2003	-0.78	2.8	1.3	0.7	4.6
16.11.2003	-4.85	-2.4	-2.9	-0.7	-1.9
17.11.2003	-2.29	-0.5	-0.2	1.1	-0.8
18.11.2003	-4.79	-0.2	-1.9	2	1.1
19.11.2003	-3.23	1.5	0.7	5.3	1.9
20.11.2003	-4	0.1	-0.2	2.5	0.1
21.11.2003	-2.2	1.1	-1.1	-0.6	1.5
22.11.2003	-4.76	-4.2	-3.9	0.8	-1
23.11.2003	-4.3	-2.7	-3.1	-2.8	-0.4
24.11.2003	-8.22	-3.6	-6.3	-1.7	-0.8
25.11.2003	-4.36	0.9	-1.8	4.6	1.2
26.11.2003	-0.39	2.8	1.1	7.6	4.4
27.11.2003	0.99	4.3	2.7	9.4	5
28.11.2003	-3.01	2.2	0.5	2.5	2.7
29.11.2003	-2.42	2.5	0.5	1.6	3.6
30.11.2003	1.29	4.2	3.1	5.1	5.3
01.12.2003	-0.37	0.4	0.6	2.3	3.4
02.12.2003	-4.98	-4.1	-5	-3	-2.2
03.12.2003	-4.95	-1.2	-1.3	1.3	-0.9
04.12.2003	2.4	3.2	4.2	7.5	4.6
05.12.2003	-2.9	-2.3	-1.8	1.9	-0.8
06.12.2003	-4.99	-4.6	-3.8	0.7	-2.1
07.12.2003	1.61	3.4	4.2	6.8	4
08.12.2003	-1.26	0.4	0.6	3.4	2.3
09.12.2003	-4.84	2.4	0.6	1.9	3.7
10.12.2003	-1.5	5.8	3	4.4	5.4
11.12.2003	-5.4	-3.1	-3.2	1	-1.2
12.12.2003	-7.75	-5.5	-4.8	-0.6	-3.4
13.12.2003	-3.71	-1.1	-2.3	2.3	0.1
14.12.2003	-3.8	-2.3	-1.8	2.3	0.6
15.12.2003	-3.38	-3.4	-2.3	2.3	-0.2
16.12.2003	-6.73	-3.6	-5.1	-0.2	-2.9
17.12.2003	-0.76	4.8	3.9	8.4	4.8
18.12.2003	2.04	6.1	3.5	6.6	4.1
19.12.2003	-0.99	1.5	-0.3	4.9	2.4
20.12.2003	-11.83	-6.2	-6.8	-1.5	-6.1
21.12.2003	-10.76	-8.8	-8.6	-6.4	-7.3
22.12.2003	-18.4	-9.9	-10	-4.6	-10.5
23.12.2003	-12.74	-5.5	-7.2	-4.4	-4.7
24.12.2003	-1.68	2.3	-0.6	4.5	2.4
25.12.2003	-7.28	-1.1	-3.6	3.1	2.4
26.12.2003	-9.75	-0.8	-4.3	1.4	1.2
27.12.2003	-1.32	1.6	0.6	0.3	2.4
28.12.2003	-9.02	-6.3	-7.4	-3.1	-3.5
29.12.2003	-24.76	-13	-16.4	-7.3	-13.9
30.12.2003	-20.2	-7.8	-11	-2.6	-3.9
31.12.2003	-17.17	-5.4	-8.6	-3	-3.4
01.01.2004	-11.96	-3.6	-7	-5.8	-4.9
02.01.2004	-15.84	-3.9	-8.1	-4	-4.8
03.01.2004	-8.1	-2.1	-4.4	0.4	-2.4
04.01.2004	-10.29	-5.6	-8.7	-1.6	-5
05.01.2004	-14.04	-8.7	-10.4	-5.6	-5
06.01.2004	-4.09	-0.6	-2.7	0.5	-0.4
07.01.2004	-8.11	-1.4	-4.8	1.2	0.6
08.01.2004	-13.83	-3.6	-5.9	-2.1	-4.2
09.01.2004	-4.19	-0.2	-2.1	0.2	0
10.01.2004	-7.63	-2.1	-5.3	-3.7	-1.6
11.01.2004	-3.2	0.5	-1.8	4.1	1.6
12.01.2004	-4.01	-0.9	-2.5	-0.5	0.1
13.01.2004	-7.25	-2.2	-4.7	-4.4	-1.8
14.01.2004	-9.23	-5	-8.7	-6.5	-2.9
15.01.2004	-12.28	-7.1	-8.6	-4	-6.5
16.01.2004	-17.99	-10.1	-14	-6.7	-6.6
17.01.2004	-20.51	-10.1	-11.3	-6.2	-12.3
18.01.2004	-11.4	-3.1	-6.2	-2.3	-1.5
19.01.2004	-13.53	-6.9	-8.8	-5.6	-6.9
20.01.2004	-13.76	-9.7	-8.9	-4.9	-8.7
21.01.2004	-26.67	-12.2	-14	-8.2	-14.4
22.01.2004	-16.1	-5.4	-7.9	-1.2	-5.5
23.01.2004	-14.23	2.2	-5.2	2	-2.8
24.01.2004	-3.39	1.5	0.5	2.5	2.9
25.01.2004	-5.84	-1	-2.3	0	-0.4
26.01.2004	-9.77	-5.1	-6	0.2	-3.8
27.01.2004	-13.84	-9.2	-9.5	-4.4	-6.6
28.01.2004	-15.14	-15.9	-16.9	-12.9	-9.4
29.01.2004	-12.62	-8.2	-8.7	-10.5	-4.8
30.01.2004	-10.35	-6.2	-7.1	-10.9	-4.5
31.01.2004	-13.4	-5.8	-7	-8.1	-4.9
01.02.2004	-13.9	-4.2	-6.4	0.1	-5.2
02.02.2004	-8.7	-0.8	-3.5	-2.9	0.5
03.02.2004	-1.62	4.2	1.2	3.2	3.7
04.02.2004	2.33	4.6	4.7	4.9	5.9
05.02.2004	-2.22	2.1	0.9	2.2	2.7
06.02.2004	-5.86	-2.9	-3.9	0.1	-1.4
07.02.2004	-6.42	-2.3	-4.1	0.4	-3.1
08.02.2004	-8.18	-5.8	-6.1	-1.9	-4.9
09.02.2004	-7.37	-6.8	-6.2	-1.4	-4.7
10.02.2004	-6.54	-4.8	-4.6	-1.5	-4.9
11.02.2004	-18.84	-7.4	-10.1	-6.3	-11.3
12.02.2004	-3.04	2.9	2.2	4.9	1.8
13.02.2004	-3.96	1	-0.5	5.3	3.6
14.02.2004	-0.61	1	1.3	3.1	2.2
15.02.2004	2.15	3.2	2.6	4.7	3.5
16.02.2004	-0.54	-0.2	1	2.5	2.1
17.02.2004	-1.31	-0.7	0.2	3.8	0.4
18.02.2004	-1.81	-0.9	-0.6	2.3	0.3
19.02.2004	-0.55	1.3	-0.1	4	2.4
20.02.2004	-2.08	2.7	1.4	6.7	4.6
21.02.2004	-5.61	-1.3	-2.5	3.7	1.4
22.02.2004	-7.13	-5.1	-4.5	-0.4	-2.8
23.02.2004	-6.64	-5.5	-4.8	-0.8	-3.2
24.02.2004	-4.7	-3.3	-3.3	0.8	-1.3
25.02.2004	-5.21	-4	-3.2	0.5	-1.8
26.02.2004	-6.56	-5.3	-4.4	-1.6	-3.2
27.02.2004	-13.57	-8.7	-9	-6.7	-8.8
28.02.2004	-15.26	-12.6	-12.4	-8.4	-9.7
29.02.2004	-14.52	-5.8	-6.6	-2.1	-5.5
01.03.2004	0.73	1.7	2.1	4.3	2.1
02.03.2004	-3.17	-1.5	-0.6	2.8	-0.4
03.03.2004	-14.29	-6	-6.8	-0.4	-5.5
04.03.2004	-12.38	-4.8	-7.1	-1.8	-4.5
05.03.2004	-16.31	-5.9	-7.2	-1	-5.3
06.03.2004	-6.97	0.6	-1.8	2.4	1.4
07.03.2004	-3.61	-0.8	-0.7	3.2	0.7
08.03.2004	-1.52	-0.6	-0.6	2.8	0.9
09.03.2004	-2.09	-1	0.4	2.9	2.4
10.03.2004	-1.33	-0.4	0.2	2.3	3
11.03.2004	-4.28	0.3	-0.2	1.5	2.3
12.03.2004	-8.47	-1.9	-3.1	1.8	-0.8
13.03.2004	-5.17	-2.9	-3.4	1.4	-1.5
14.03.2004	-1.34	0.8	0.4	2.2	2.1
15.03.2004	2.36	4	4.4	5.9	5.8
16.03.2004	2.31	4.5	4.3	5.9	4.9
17.03.2004	4.55	6.2	6.7	6.4	7.6
18.03.2004	2.82	4.3	3.5	6.5	5.8
19.03.2004	1.16	3.7	3.4	4.9	5.4
20.03.2004	-0.75	1.7	1.4	4.8	3.4
21.03.2004	-2.26	-0.8	-1.1	2.2	1.2
22.03.2004	-2.81	-0.5	-0.1	3.5	0.7
23.03.2004	-3.47	-0.9	-1.3	1.2	-0.4
24.03.2004	-4.62	-2.1	-2.9	0.7	-2
25.03.2004	-5.14	-2.9	-2.5	0.7	-1.1
26.03.2004	-6.51	-1.5	-3.8	2	-1
27.03.2004	-0.31	1.6	-0.1	3.1	1.2
28.03.2004	0.2	-1	0.1	3	1.1
29.03.2004	2.5	3.5	2.7	5.8	3.5
30.03.2004	3.8	4.4	4.6	6.9	5
31.03.2004	5.8	4.1	3.6	7.3	6.2
01.04.2004	5.8	5.6	4.3	6.1	7
02.04.2004	4.6	4.5	3.4	5.5	5.5
03.04.2004	5.5	3.6	1.7	6.9	5.4
04.04.2004	7.3	4.8	3.3	8	6.6
05.04.2004	5.5	4.7	4	7	5.5
06.04.2004	3.6	3.3	2.8	5.7	5
07.04.2004	2.6	2.2	1.9	4.6	4.2
08.04.2004	2.8	2.8	2.6	3.6	4
09.04.2004	0.6	0.2	0.1	1.8	1.2
10.04.2004	0.5	-0.9	0.2	3.1	0.8
11.04.2004	-0.6	-1.6	-0.7	1.9	-0.9
12.04.2004	0.7	-0.1	0.3	2.8	0.2
13.04.2004	4	4.6	4	4.8	4.4
14.04.2004	4.9	6.5	5.4	6	6.1
15.04.2004	6.7	8.4	6.3	9.3	8
16.04.2004	7	6.5	6	7.1	8.8
17.04.2004	8.5	7.8	6	7.5	8.9
18.04.2004	10.5	9.2	8	11.1	11.1
19.04.2004	10.4	8.4	8.3	14.7	11.1
20.04.2004	10.4	8.5	7.6	11	11
21.04.2004	8.8	8.3	7	6.9	9.1
22.04.2004	9.9	7.7	7.3	9.8	9.1
23.04.2004	6.2	5.2	5.1	7.8	6.2
24.04.2004	6.3	4.5	5.3	8.7	6.5
25.04.2004	6	6.1	5.8	7.7	6.4
26.04.2004	8.15	7	6.8	10.4	8.1
27.04.2004	8.19	8.4	7.2	8.4	8.7
28.04.2004	9.04	8	7.6	10.9	9.8
29.04.2004	10.71	8.5	8	10.2	9.4
30.04.2004	9.89	7.1	7.5	9.6	8.7
01.05.2004	9.96	7.3	7	8.1	9.5
02.05.2004	12.57	9.1	9.4	8.4	9.6
03.05.2004	14.14	8.1	9	9.2	11.1
04.05.2004	12	7.8	7	9.1	9.1
05.05.2004	16.24	11	12.2	15.7	13.6
06.05.2004	21	15.6	15.8	21.1	18.3
07.05.2004	19.7	14.6	14.9	19.4	17.4
08.05.2004	19.33	14.1	13.4	19.4	17.5
09.05.2004	17.46	11.8	11.4	14.4	14.6
10.05.2004	12.3	6.5	6.1	8.4	6.8
11.05.2004	9.31	2.8	3.2	6.5	5.1
12.05.2004	9.41	3.4	3.7	5.6	3.5
13.05.2004	10.19	6.5	4.1	5.5	4.6
14.05.2004	10.66	4.2	4.8	6.5	4.3
15.05.2004	11.37	4.6	4	6.7	4.8
16.05.2004	11.33	4.8	4.8	6.7	5.5
17.05.2004	16.63	9.6	9.3	10.2	10.1
18.05.2004	14.17	5.2	5.8	7.7	6.9
19.05.2004	10.47	1.6	2.1	6.1	4.2
20.05.2004	8.51	0.6	1.4	4.7	3.1
21.05.2004	8.5	-0.3	-0.2	4.1	2
22.05.2004	9.81	1	1.6	4	3.3
23.05.2004	11.71	3.5	3.3	5.5	4.6
24.05.2004	13.91	5.5	5.3	7.1	6.4
25.05.2004	12.67	4.4	4.5	8.1	6.1
26.05.2004	14.29	5.5	5.7	7.4	7.2
27.05.2004	14.61	6.3	6	7.4	5.8
28.05.2004	15.15	6.7	6.2	8.8	7.4
29.05.2004	13.34	6.3	6.5	7.9	6.4
30.05.2004	16.2	9.4	8.8	12.3	9.6
31.05.2004	18.35	10.7	10.2	11.7	11
01.06.2004	18.93	11.2	9.9	10.5	9.8
02.06.2004	20.43	13.1	12.5	14.1	12.7
03.06.2004	21.03	12.9	12.6	11.6	12.4
04.06.2004	19.47	11.1	11	11.6	12.7
05.06.2004	17.55	10.8	9.6	11.1	9.9
06.06.2004	15.61	6.4	6.8	8.2	7.8
07.06.2004	13.86	4.8	5.5	8.8	7.8
08.06.2004	17.19	8.3	8.3	9.3	8.8
09.06.2004	18.49	10.5	9.6	10.5	10.7
10.06.2004	17.19	8.5	8	9.2	8.8
11.06.2004	15.56	7.1	6.7	9.8	7.6
12.06.2004	16.45	8.8	8.9	9.6	8
13.06.2004	17.18	9.9	9	10	9.7
14.06.2004	17.17	8.5	9.3	9.4	9
15.06.2004	12.96	4.2	4.1	7.7	6
16.06.2004	13.25	4.7	4.4	8.3	6.2
17.06.2004	14.64	5.9	5.6	7.8	6.8
18.06.2004	13.58	5.6	6	8.8	7.8
19.06.2004	16.47	7.9	9.1	11.8	10.1
20.06.2004	16.04	8	8.7	14.5	10.8
21.06.2004	16.49	9.2	9.5	12	10.6
22.06.2004	16.37	7.4	8.3	11.9	11.8
23.06.2004	18.01	9.8	9.6	13.1	13.1
24.06.2004	17.99	10.3	9.9	15.8	13.7
25.06.2004	18.65	10.5	11.7	13.6	13
26.06.2004	18.7	9.4	10.3	11.8	11.8
27.06.2004	21.57	13	13.5	15.1	16.3
28.06.2004	20.57	12.9	12.1	14.1	10.7
29.06.2004	16.07	7.5	8.3	12.1	8.9
30.06.2004	18.6	10.6	11.1	13.9	10.9
01.07.2004	19.29	11.4	11.3	15.1	11.7
02.07.2004	19.81	10.8	12.1	12.2	14.9
03.07.2004	19.23	8.9	9.7	11.4	11.7
04.07.2004	19.89	11.6	11.7	12.9	13
05.07.2004	17.38	9.2	9.3	11	11.2
06.07.2004	16.24	7.6	7.7	11.4	9
07.07.2004	17.06	8.4	8.4	11	8.6
08.07.2004	16.48	9.6	9	12.5	10
09.07.2004	19.86	13.2	12.8	14.2	13.5
10.07.2004	21.07	14.6	14.7	13.1	15
11.07.2004	17.85	10.4	9.7	12.4	11.3
12.07.2004	14.4	9.6	9.5	11.2	9.9
13.07.2004	12.35	8.1	8.4	10.9	9.4
14.07.2004	10.62	7.2	7.6	11.7	9.5
15.07.2004	11.12	7.9	7.3	11.9	10.6
16.07.2004	12.08	9.8	7.9	11	10.9
17.07.2004	13.63	12.4	11.7	14.4	14.3
18.07.2004	13.06	14.7	14.1	14.2	15.4
19.07.2004	12.67	12.1	13.2	14.5	13.4
20.07.2004	10.76	11.6	10.9	13.8	13.1
21.07.2004	12.4	14.5	14.3	16.5	16.1
22.07.2004	9.96	14	14.8	17.8	16.6
23.07.2004	13.26	15.6	15.4	19.4	18.5
24.07.2004	10.12	12.1	12.7	14.4	13.6
25.07.2004	8.38	11.4	12	12.4	13
26.07.2004	6.56	10.1	10.5	12.2	10.1
27.07.2004	7.98	12	11.5	13.7	14.1
28.07.2004	9.04	13.6	13.6	15.4	14.9
29.07.2004	10.15	15.9	15.5	15.7	16.3
30.07.2004	10.15	18.6	19	17.4	20.4
31.07.2004	10.15	16.7	17.2	18.9	21
01.08.2004	10.15	16.8	17.2	19.1	19.4
02.08.2004	10.15	17.8	17.3	20.7	19.8
03.08.2004	10.15	17.7	18.1	21.6	19.5
04.08.2004	11.54	18.4	18.2	21.2	21
05.08.2004	11.92	19.2	20.1	20.7	21.8
06.08.2004	11.79	18.8	19.2	19.7	21
07.08.2004	11.27	18.2	18	20.2	19.7
08.08.2004	10.08	18.1	18.6	21.9	19.8
09.08.2004	10.9	20.3	19.6	23.6	21.6
10.08.2004	21.5	19.6	19.3	20.4	21
11.08.2004	16.8	17.3	16.7	17.3	17.5
12.08.2004	12.7	12.4	11.3	14.3	11.9
13.08.2004	12.6	11.6	12.4	14.5	13.6
14.08.2004	11.2	12.1	10.9	12.6	11.5
15.08.2004	10.9	11.3	12	13.2	11.9
16.08.2004	10.9	7.6	7.7	11.6	10.5
17.08.2004	9.8	10.1	10.3	13.1	12.5
18.08.2004	11.3	10.3	10.5	13.3	12.4
19.08.2004	10.5	12.9	12.8	14.3	14.4
20.08.2004	15.9	14.6	14.5	15.8	16.6
21.08.2004	12.4	10.3	10.3	11.4	11.6
22.08.2004	9.4	6	6.4	10.1	7.9
23.08.2004	9.1	6.7	7.6	10.4	8.7
24.08.2004	10.3	9.3	8	11	9.9
25.08.2004	10.5	10.7	9.7	11.7	11.8
26.08.2004	14.1	12.5	12.2	12.6	13.8
27.08.2004	13.7	10.3	10.1	13.4	13.3
28.08.2004	15.7	11.5	12.1	13.9	13.2
29.08.2004	13	10.7	9.8	13.6	11.8
30.08.2004	13.1	11.1	10.3	14	14.1
31.08.2004	13.2	8.2	8.9	12.9	12.6
01.09.2004	14.3	11.1	10	13.9	12.9
02.09.2004	13.1	12.5	11.7	13.2	14.6
03.09.2004	16.1	14.2	13.8	16.2	16.2
04.09.2004	14.3	15.4	15.5	15.4	17.4
05.09.2004	13.7	15.9	12.9	14.5	12.9
06.09.2004	11.3	8.1	7.9	12.1	10
07.09.2004	8.9	5.6	6.9	11.3	8.2
08.09.2004	8.1	8.1	8	10.6	8.2
09.09.2004	8.41	8.8	8.6	11.7	11.6
10.09.2004	7.01	10.1	8.2	9.8	8.1
11.09.2004	10.07	10.1	11	11.8	11.8
12.09.2004	10.59	11.5	10.9	12.8	11.2
13.09.2004	6.66	6	5.9	8	6.4
14.09.2004	7.44	8.6	6.6	9.1	8.6
15.09.2004	4.01	3.4	3.4	6.4	5.3
16.09.2004	5.01	4.6	4.6	6.6	5.7
17.09.2004	8.12	9.8	7.9	10.3	9.5
18.09.2004	8.34	8.6	8.8	12.4	10.8
19.09.2004	8.02	9.9	8.4	11	11.8
20.09.2004	8.71	9.2	9.2	9.9	11.3
21.09.2004	9.13	8.2	8.3	9.9	10.3
22.09.2004	7.19	6.6	6.7	10	8.1
23.09.2004	7.63	5.8	6.8	10.3	8.6
24.09.2004	7.97	7.1	6.9	10.5	8.8
25.09.2004	6.28	5.8	5.4	8.5	7.1
26.09.2004	7.13	7.2	7.7	9.4	9.7
27.09.2004	8	6.8	7.4	9.7	9
28.09.2004	6.83	5.8	6.9	9.4	7.9
29.09.2004	7.56	6.8	7.2	9.9	8.3
30.09.2004	4.13	5.5	5	7.2	6.2
01.10.2004	4.47	6.5	6.1	7.6	7.8
02.10.2004	5.73	7.9	7.7	9.6	9.3
03.10.2004	6.54	7.6	7.8	9.1	10.6
04.10.2004	7.95	8.6	8.2	11.8	10.4
05.10.2004	5.76	7.1	7.1	7.5	8
06.10.2004	7.57	8.3	7.9	8.4	9.7
07.10.2004	4.22	4.4	4.2	6.9	5.1
08.10.2004	2.54	1.8	1.5	5.6	4.4
09.10.2004	2.9	2.6	2.8	6.4	4.2
10.10.2004	1.64	2.5	2.6	4.3	3.1
11.10.2004	-0.88	1.5	0.9	3.6	3.8
12.10.2004	1.38	3.4	2.2	5.3	4.1
13.10.2004	1.4	4.8	3.9	3.7	5.6
14.10.2004	3.13	4.9	3.4	4.5	5.7
15.10.2004	4.07	5.2	4.5	4.5	6.2
16.10.2004	4.12	3.7	2.6	3.9	6.4
17.10.2004	5.41	5.1	4.7	5	6.2
18.10.2004	4.09	4.5	3.8	6.3	5.7
19.10.2004	4.15	3.9	3.3	5.1	5.1
20.10.2004	5.41	6	4.9	4.3	6.5
21.10.2004	4.29	5.3	3.6	8.5	6.4
22.10.2004	4.97	4.9	3.2	4.7	6.7
23.10.2004	-0.55	0.4	-0.7	4.5	1.8
24.10.2004	-0.32	0	-0.5	3.6	1.9
25.10.2004	0.79	3.2	0.9	4.7	3.8
26.10.2004	0.79	1.9	1.2	5.3	4.6
27.10.2004	-3.07	1.3	0.1	6.3	4
28.10.2004	-4.95	1	-0.7	3.9	1.7
29.10.2004	-2.29	3	2.4	1.8	4.6
30.10.2004	-2.05	3.8	2.6	5.2	5.3
31.10.2004	-3.78	3.8	2.6	7.2	4.3
01.11.2004	-3.25	1.9	1.4	4.7	2.5
02.11.2004	-5.38	3.3	0.8	4.5	5.1
03.11.2004	-1.000000024	4.5	-0.7	2.1	1
04.11.2004	2.049999899	7.1	5.5	5.8	7.8
05.11.2004	2.249999946	1.1	1.1	5.6	2.2
06.11.2004	-2.4	2.6	2.5	5.8	5
07.11.2004	0.049999988	0	-0.6	2.3	1.8
08.11.2004	-1.499999975	3.2	1.2	7.1	4.8
09.11.2004	-1.000000024	5	2.6	4.1	5
10.11.2004	0.300000048	2.1	1.4	3.5	2.3
11.11.2004	-0.850000048	5.2	4.3	5.1	4.6
12.11.2004	-0.849999928	-1.5	-0.5	4.2	0.9
13.11.2004	-2.749999905	-1.3	-0.4	3.8	1.3
14.11.2004	-1.499999953	0.9	0.2	5.8	1.9
15.11.2004	-0.9	-2	-0.6	4.5	1.1
16.11.2004	-7.400000119	-4.2	-3.2	1.6	-1.8
17.11.2004	-8.850000048	-6	-6.4	-1.8	-3.8
18.11.2004	-12.74999967	-6.7	-6.3	-3.2	-5.5
19.11.2004	-8.200000191	-4.9	-4.9	-1.2	-3.1
20.11.2004	-12.10000017	-4.3	-3.6	-2	-2.7
21.11.2004	-15.94999971	-5.8	-7.4	-2.2	-6.1
22.11.2004	-13.25000038	-5	-8.1	-7.8	-5.1
23.11.2004	-10.89999952	-5.5	-7.5	-5.6	-4.7
24.11.2004	-3.949999952	1.2	-1.9	-0.2	0.5
25.11.2004	-4.850000048	-1.7	-1.4	1.1	-1
26.11.2004	-8.250000143	-1.9	-3.8	1.3	-5
27.11.2004	-9.15	-3.5	-5.7	0.5	-3.3
28.11.2004	-14.29999962	-4.4	-4.1	-0.9	-3.1
29.11.2004	-10.35000029	-4.3	-6.1	0.8	-5.8
30.11.2004	-5.849999928	4.5	1.1	2.4	1.3
01.12.2004	-9.300000393	-1.1	-2.4	0.8	2.1
02.12.2004	-13.15	-5	-8.5	-0.5	-5.3
03.12.2004	-10.4	0	-2.9	1.3	-0.4
04.12.2004	-5.949999952	1.7	0.2	3.7	1.6
05.12.2004	-2.100000048	3.2	1.8	3	3
06.12.2004	-2.700000001	2.3	0.5	3.7	2.1
07.12.2004	-0.4	1.5	0.9	6.1	3.3
08.12.2004	-3.650000179	0.5	0.8	3.5	3
09.12.2004	-7.800000095	5	1.9	6	3.2
10.12.2004	-7.499999905	7.2	1.7	2.6	-0.6
11.12.2004	-6.4	0.5	0.7	6	3.3
12.12.2004	-3.549999857	2.7	2	6	4
13.12.2004	-3.749999905	3.9	1.4	3.8	3.5
14.12.2004	-3.550000095	5.2	4.1	5	5.5
15.12.2004	-6.250000143	0.2	-1.5	3.3	1.8
16.12.2004	-3.700000191	2.5	2.2	3.2	3.9
17.12.2004	-5.500000143	2.2	0.8	0.8	3.2
18.12.2004	-7.65	-4.9	-3.8	0.7	-2.1
19.12.2004	-9.249999905	-6.2	-5.7	-1.3	-3.2
20.12.2004	-18.79999962	-7.6	-8.8	-4.7	-5.4
21.12.2004	-19.00000038	-6.4	-11.5	-7.9	-8.3
22.12.2004	-4.149999881	-1.3	-0.3	3.6	1.3
23.12.2004	-10.84999957	-3.6	-3.4	-0.6	-1.5
24.12.2004	-17.7499999	-8.7	-11.9	-2.9	-6.2
25.12.2004	-22.29999962	-9.5	-14.9	-7	-7.7
26.12.2004	-28.85000076	-10.4	-14.3	-12.7	-9.5
27.12.2004	-17.04999962	1	-1.5	0.7	-0.1
28.12.2004	-7.150000119	1.5	1	4.4	3.4
29.12.2004	-3.800000095	-1.2	-3.8	-1.2	-1.2
30.12.2004	-2.15	0.5	0.4	4.3	2.6
31.12.2004	-8.100000167	-1.3	-2	4.8	0.6
01.01.2005	-6.4	2.1	0.7	3.4	1.7
02.01.2005	-6.099999809	-2.7	-2.6	1.3	-0.2
03.01.2005	-8.050000095	-3	-2.3	2.5	-0.1
04.01.2005	-11.65000036	-0.6	-3.1	1.6	0.3
05.01.2005	-10.60000038	-0.4	-4	2.3	0
06.01.2005	-11.11	-1.3	-4.6	1.9	0.6
07.01.2005	-1.89	1.1	0.5	3.7	2.2
08.01.2005	-4.41	0.4	-1.4	2.8	0.7
09.01.2005	-9.76	-2.8	-3.2	2.6	0.2
10.01.2005	-0.96	3.1	1.8	6.7	3.7
11.01.2005	-4.72	0	-1.1	3.4	2.4
12.01.2005	-1.08	1.8	2.3	3.3	4.4
13.01.2005	-2.09	0.1	0.7	3.9	1.6
14.01.2005	-7.04	-4	-3.9	1.2	-1.5
15.01.2005	-9.22	-1.2	-3.9	1.9	-2.6
16.01.2005	-0.95	5.3	2.2	5.8	4.8
17.01.2005	1.51	4.7	4.7	3.2	6.3
18.01.2005	-1.66	-0.4	-1.3	-0.5	1.6
19.01.2005	-9.37	-4	-5.5	-3.2	-2.7
20.01.2005	-5.72	-2.7	-2.7	-3	-0.6
21.01.2005	-7.73	-3.3	-3.6	0.6	-1.6
22.01.2005	-5.77	-4.5	-3.2	0.6	-1.4
23.01.2005	-9.55	-4.9	-4.2	0.3	-3.3
24.01.2005	-6.31	-5.4	-4	-1.3	-2.4
25.01.2005	-16.83	-6.9	-7.9	-1	-7.7
26.01.2005	-4.24	-1.8	-1.2	1.9	-0.2
27.01.2005	-1.34	1.4	1	3.2	1.2
28.01.2005	-0.87	1.2	0.9	3.2	1.5
29.01.2005	-3.02	0.8	1.1	5.1	2.6
30.01.2005	2.01	2.9	2.9	5.2	3.9
31.01.2005	-3.33	-2.4	-1.3	3.1	0.4
01.02.2005	-3.15	-2	-1.3	2.2	-0.1
02.02.2005	0.15	1.9	1.8	4.8	1.9
03.02.2005	-3.33	1.3	-0.3	4	3.1
04.02.2005	-2.25	3.5	2.9	4.9	3.4
05.02.2005	0.15	2	0.3	0.9	1.7
06.02.2005	-2.42	-1	-0.5	1.3	-0.2
07.02.2005	-8.73	-2.5	-4.1	-0.9	-0.9
08.02.2005	-5.14	-2.4	-3.4	1.6	-1.1
09.02.2005	-3.76	-1	-1.8	4.7	-0.2
10.02.2005	-2.37	-0.8	-0.4	2	0.7
11.02.2005	-5.25	-4	-3.1	0.5	-1.4
12.02.2005	-8.95	-3.6	-3.7	0.7	-2.3
13.02.2005	-9.11	-4.9	-5	-0.2	-1.8
14.02.2005	-9.06	-7.5	-7.4	-4.2	-4.7
15.02.2005	-17.56	-11.1	-13.3	-7.7	-11.1
16.02.2005	-14.62	-2.3	-6.2	-2.9	-2.6
17.02.2005	-7.56	0	-2.7	2.2	-0.2
18.02.2005	-4.19	1.3	-1.8	2	1.6
19.02.2005	-2.3	-2	-1.7	1.1	0
20.02.2005	-4.6	-3.6	-2.8	0.4	-0.8
21.02.2005	-9.1	-6.1	-7.9	-2	-6.8
22.02.2005	-15.4	-10.5	-12.7	-6	-10.7
23.02.2005	-23	-10.6	-12.5	-5.8	-10.6
24.02.2005	-23.9	-9.9	-11	-5.9	-8.7
25.02.2005	-11.4	-4.5	-5.8	-3.7	-7
26.02.2005	-7.4	-7	-6.7	-2.2	-6.8
27.02.2005	-12.9	-5.9	-5.9	-1.7	-9.4
28.02.2005	-6.5	-3.8	-4.4	0.2	-4.1
01.03.2005	-15	-11.1	-11.8	-9.4	-11
02.03.2005	-27.4	-14.3	-15.9	-8.7	-13.2
03.03.2005	-15.7	-5.2	-7.2	-0.9	-6
04.03.2005	-4.2	-1.3	-2.3	1	-0.5
05.03.2005	-9.4	-4.3	-3.5	-2.6	-3.3
06.03.2005	-4.9	-0.1	-0.4	2.7	0.7
07.03.2005	0.1	0.9	1.2	3.5	1.3
08.03.2005	-0.9	-1.8	-1.5	1.7	-0.4
09.03.2005	-2.5	-2	-2.1	0.4	-2
10.03.2005	0.1	1.3	1.8	3.9	2.5
11.03.2005	-1.9	-1.5	-1	1.9	0.4
12.03.2005	-17.7	-8.2	-9.7	-2.4	-7.5
13.03.2005	-18.3	-9.3	-10.6	-4.5	-8.8
14.03.2005	-8.8	-6.8	-7.5	-2.1	-6.2
15.03.2005	-10.6	-5	-5.9	-0.2	-3.3
16.03.2005	-9.6	-3	-4.3	-0.6	-3.2
17.03.2005	-5.2	-3.8	-3.5	-0.8	-2.1
18.03.2005	-9.4	-6.2	-5	-1.1	-5.2
19.03.2005	-15.8	-6.9	-8.8	-3.4	-7.4
20.03.2005	-9.7	-2.2	-2.6	-0.1	-5.3
21.03.2005	-2.4	1.4	0.1	3	0
22.03.2005	2.6	5.1	4.3	6.3	4.7
23.03.2005	0.9	6.7	4.3	6.6	6.4
24.03.2005	3	5.2	4.9	4.9	5.1
25.03.2005	2.2	4.6	3.9	7.2	4.6
26.03.2005	-0.6	4.6	3.7	6.4	5
27.03.2005	-1.7	2.6	2.5	3.9	2.5
28.03.2005	0.6	0.7	1.8	4.8	2.3
29.03.2005	0.9	3.2	2.5	6.5	3.3
30.03.2005	-2.8	1.2	1.6	4.9	2.7
31.03.2005	-3.5	1	0.8	4	1.9
01.04.2005	-2.3	2.5	1.5	5.2	3.5
02.04.2005	4.8	6.1	4.9	7.2	6.2
03.04.2005	3.9	7	5.6	8.8	7.1
04.04.2005	3.7	6.1	4.7	6.5	6.8
05.04.2005	1.9	2.2	1.9	2.5	3.9
06.04.2005	-0.1	1.1	1.8	5.3	4.1
07.04.2005	2	2.8	4.1	5.4	6.4
08.04.2005	-0.8	-1	-0.4	1.2	1.5
09.04.2005	-2.3	-2	-1.2	0.8	0.2
10.04.2005	-0.5	2.4	2.1	2.5	4.1
11.04.2005	2	1.8	3	5	2.7
12.04.2005	4.4	5.1	4.7	5.9	7
13.04.2005	2.3	2.8	4.5	4.8	6.3
14.04.2005	2.1	3.2	3.1	5.4	4.7
15.04.2005	-0.9	1.4	1.4	4.9	3.4
16.04.2005	1.1	2.4	2.9	5	3.6
17.04.2005	0.5	4	3.7	6.9	5
18.04.2005	0.5	4.8	3.8	7.1	5
19.04.2005	-1.8	3	2.2	5.3	3
20.04.2005	-3.4	1.4	-0.1	4.1	1.3
21.04.2005	-0.1	1.7	1	5	2.3
22.04.2005	0	2.6	2	5.5	3
23.04.2005	-1.3	1.8	1.9	5.2	2.8
24.04.2005	-1.3	2.2	2.8	6.5	4.4
25.04.2005	1.1	4.2	4	8.7	5.8
26.04.2005	2.6	5.9	6.1	7.9	7.5
27.04.2005	4.9	7.1	7.4	8.7	10
28.04.2005	4.1	7.5	6.4	8.5	8.4
29.04.2005	2.8	6.5	5.3	8.9	8.8
30.04.2005	4.9	8	8.2	11	9.9
01.05.2005	4.9	7.1	5.6	7.5	8.2
02.05.2005	4	7.7	6	9.2	8.8
03.05.2005	6.9	8.9	7.9	10.5	9.5
04.05.2005	2.9	3	2.9	5.3	4.6
05.05.2005	1.9	3.1	3.1	4.9	2.6
06.05.2005	1.7	3.9	3.5	6.6	4.5
07.05.2005	2.4	4.4	3.5	6.2	5.8
08.05.2005	1.5	4.1	3.7	7.3	5.4
09.05.2005	1.96	2.2	2.9	6.5	4.3
10.05.2005	1.11	4.1	4	5.4	5.1
11.05.2005	2.34	4.3	4.1	5.2	5.3
12.05.2005	2.6	3.6	3.2	5.8	5.3
13.05.2005	2.29	3.7	3.3	5	5.3
14.05.2005	3.8	3.8	3.7	5.4	4.8
15.05.2005	2.2	1.1	1.2	4	1.9
16.05.2005	-0.1	0.8	1.7	3.4	1.7
17.05.2005	1.4	2.6	3.4	4.2	3
18.05.2005	0.01	2.7	2.2	5.5	3.9
19.05.2005	2.6	2.8	3.2	5.1	3.7
20.05.2005	3.1	5.2	4.2	8.9	6.8
21.05.2005	5.6	9.2	8.2	13.2	10.3
22.05.2005	7.2	9.1	8.9	12.8	12
23.05.2005	11	11.7	11.2	10.6	14.3
24.05.2005	7.4	9.6	10	10.8	10
25.05.2005	7.9	9.1	8.6	9.2	8.7
26.05.2005	6.8	9.1	9.5	9.4	11.6
27.05.2005	4	4.4	4.2	6.6	4.7
28.05.2005	4.5	5.7	5.3	8	6
29.05.2005	6.6	6.8	6.9	8.8	8.7
30.05.2005	3.1	4.1	3.2	6.2	5.6
31.05.2005	1.8	3.2	2.4	7	4.7
01.06.2005	3.1	5	4.8	6.9	6.1
02.06.2005	3.1	5.5	5.2	8.9	7.3
03.06.2005	5.9	8.2	7.7	11.2	9.8
04.06.2005	9.5	10.3	9.9	9.4	12
05.06.2005	4.1	5	4.7	8	6.6
06.06.2005	2.6	2.8	2.5	5.4	4.5
07.06.2005	2.9	4.8	4.4	6.7	4.8
08.06.2005	6.9	8.7	8.2	8.9	7.7
09.06.2005	11.8	12	11.8	11.7	11.6
10.06.2005	5.1	4.6	5.4	6.8	7
11.06.2005	5.7	6.5	6.3	9	8.3
12.06.2005	9.5	7.7	7.8	12.1	10.2
13.06.2005	8	9.9	10.7	15.1	11.9
14.06.2005	8.1	10.1	9.9	15.1	12.6
15.06.2005	11.2	12.3	13.3	15.3	16
16.06.2005	14.4	14.1	14	18.9	17.5
17.06.2005	9.1	9.2	8.9	12.6	11.4
18.06.2005	7.7	9.1	8.6	11.1	9.8
19.06.2005	12.5	13.6	13.7	14.9	14.5
20.06.2005	16.2	16.6	16.7	14.8	17
21.06.2005	13.1	10.7	10.9	13.8	12.5
22.06.2005	10.3	10.8	10.7	12.9	11.8
23.06.2005	13.8	13.9	14.7	14.5	15.1
24.06.2005	9	9.5	9.7	10.6	9.8
25.06.2005	6.2	6.7	6.9	9	7.5
26.06.2005	9	8.9	9.2	10.8	9.8
27.06.2005	7.6	8.3	7.2	10.2	8.5
28.06.2005	6	7.3	5.6	9.1	7.3
29.06.2005	7.9	10.1	9.8	12.5	9.4
30.06.2005	12.1	14.1	15.7	15.7	15
01.07.2005	14.7	17.4	16.5	17.3	19.3
02.07.2005	13.1	15.1	14.8	16.3	17.9
03.07.2005	13.8	16.3	16.7	20.4	18.7
04.07.2005	16.7	16.6	17.7	20	20.8
05.07.2005	17.1	19.3	18.7	22.8	21.8
06.07.2005	16.3	18.7	19.1	17.7	21.8
07.07.2005	16.7	17	15.5	15.9	19.2
08.07.2005	15.7	17.1	15.4	16.6	18.9
09.07.2005	16.6	18.2	17.9	17.2	19.8
10.07.2005	12.6	14.4	14.6	16	15.7
11.07.2005	16.6	17.9	16.5	16.3	16.1
12.07.2005	17.2	17.4	16.2	15.7	17.1
13.07.2005	9.9	11.4	11	13.1	10.4
14.07.2005	12.2	13.1	11.6	12.1	13.5
15.07.2005	12.5	12.2	11.8	13.9	14.4
16.07.2005	10.5	11.9	11.7	13.9	12.4
17.07.2005	11.3	13.4	13.5	15.9	14
18.07.2005	14.9	17	17	18.6	19
19.07.2005	14.5	16.1	17.6	19.2	19.4
20.07.2005	10.4	14.4	13.1	16.6	13.9
21.07.2005	13.2	12.1	12.1	14.6	14.3
22.07.2005	10.9	12	11.4	12.3	11.8
23.07.2005	7.8	9.8	8.6	11.5	10
24.07.2005	8.5	8.8	8.8	11.8	10.2
25.07.2005	10.5	10.7	12	13.1	13.7
26.07.2005	10.5	11.3	12	14.3	13.8
27.07.2005	11.5	12.1	12	13.2	12.6
28.07.2005	10.9	10.5	10.5	12.1	12.3
29.07.2005	10.9	11.4	10.9	12.5	11.3
30.07.2005	9	10.6	9.3	11.2	11.2
31.07.2005	10.8	11.5	11.8	13.7	12.8
01.08.2005	8.3	8.6	9.3	12.7	10.4
02.08.2005	9	10.9	9.7	13.2	12.7
03.08.2005	11.9	10.5	9.9	12.4	12.8
04.08.2005	10.7	11.4	11.5	13.7	13.6
05.08.2005	6.5	9.6	8.8	12.6	10.5
06.08.2005	6.3	8.1	9.3	12.2	10.4
07.08.2005	9.6	10.9	11	12.8	13.2
08.08.2005	12.3	12.2	13.2	14.2	15.3
09.08.2005	8.9	10.2	10.2	12.7	12.9
10.08.2005	12.2	11.8	12.5	13.9	14
11.08.2005	11.2	10.7	11.3	13.2	12.7
12.08.2005	9.8	10	10.1	11.8	11.1
13.08.2005	8.6	9	9.4	11.9	10.5
14.08.2005	8.6	10.3	9.7	13	11.9
15.08.2005	8.8	10.6	11.3	12.5	10.9
16.08.2005	8.6	8.6	8.9	11.3	9.9
17.08.2005	9.4	9.7	10.6	11.9	11.5
18.08.2005	14.3	15.8	15	14.9	16.5
19.08.2005	13.2	16.1	15.3	15.7	17.4
20.08.2005	9.2	10.9	11	13.1	12.2
21.08.2005	12.2	13.3	14.3	14.2	14.6
22.08.2005	14.4	16.1	15.2	14.2	16.9
23.08.2005	12.5	10.8	10.6	12.6	12.3
24.08.2005	11	10.9	11	15	13.9
25.08.2005	10	12.6	12.1	12.8	14.2
26.08.2005	8	9.2	9.7	11.1	11.5
27.08.2005	6.9	8.4	7	9.6	9.9
28.08.2005	5.9	9.7	9.1	9.7	9.1
29.08.2005	11.5	12.9	12.7	12.9	13
30.08.2005	8	9.2	9.2	11.1	9.5
31.08.2005	9	12.8	10.5	12.5	13.1
